20000
61
1788
1660
168
960
1193
515
1752
1186
312
1075
94
1145
1357
64
282
1523
382
1876
169
1464
1955
178
1698
122
12
1203
357
1325
353
1881
1738
493
1541
259
1453
1087
1126
1557
273
1791
632
367
1288
341
784
1922
216
1166
1799
738
982
106
1268
680
580
1632
236
937
958
589
1171
1048
1082
712
1659
535
1799
786
444
425
577
1428
1144
217
1769
1928
139
338
1447
290
1076
781
397
344
1462
977
1976
50
267
1286
639
1438
335
73
502
1994
960
654
1132
1404
1079
61
832
223
278
953
504
418
1291
1951
708
719
1084
1457
1063
546
787
1392
596
1054
678
1587
844
1365
1660
1346
1712
620
0
1196
24
1431
1258
1208
1655
1888
162
511
658
1453
814
1367
173
1898
1176
1588
445
1963
980
1393
1369
11
1333
213
1728
993
1912
1792
1966
264
989
1990
48
599
1551
1703
487
1713
566
1146
1518
1380
865
43
1278
393
1632
75
357
964
1821
78
1327
1154
644
1408
147
556
1200
113
1172
541
456
1220
1140
7
1275
1980
72
1841
1478
1590
1573
695
1634
1204
1088
1266
1279
1797
582
1452
1876
1910
606
520
1670
1106
1428
870
1571
952
1764
379
173
904
738
1800
1236
810
1994
1066
401
1567
1761
387
771
850
5
403
999
587
1855
875
849
814
1747
519
1920
1175
1742
1843
480
1506
223
1005
762
961
805
351
124
799
1417
525
719
1179
1264
1842
381
1269
597
1380
1856
805
608
1058
1619
355
1929
1891
1883
23
1734
363
1529
309
1368
644
1623
173
995
1747
1325
764
624
396
1943
1888
590
324
1157
1188
57
1365
1993
665
775
1964
1020
705
1855
1255
1080
1941
1618
610
251
986
1606
226
1512
953
1973
1189
1717
949
1937
13
837
527
337
346
67
746
1711
60
1411
839
24
784
1896
231
39
976
173
10
1938
776
1348
1544
1354
860
497
1327
401
567
276
690
580
1465
1218
1269
1811
1637
16
1874
1698
1779
713
74
915
609
658
1307
1586
1183
1317
1524
1959
665
1421
1313
1878
270
992
631
837
1620
1322
1769
1085
540
1039
1248
529
1407
1122
227
1538
188
654
454
1149
1312
1761
735
495
1430
612
806
95
385
471
1973
655
1815
605
1845
1435
1927
1614
872
819
1005
472
1348
764
1946
1928
303
134
934
1109
1284
598
1222
371
1445
652
1335
603
747
1720
1074
1073
728
1241
30
573
676
309
539
1900
1480
1545
372
1180
661
318
1108
964
805
394
425
441
1344
1647
1164
789
299
500
1392
1399
572
818
472
1300
59
854
225
1087
1163
765
1339
643
662
63
1823
1323
734
1284
640
1539
1678
1065
332
1023
1065
1496
164
1364
348
1909
763
1273
727
1587
925
1139
441
1151
226
1956
268
1918
599
1282
1981
423
605
715
59
1597
254
89
1015
586
1464
80
435
1629
1444
783
1538
560
56
617
499
982
1756
941
485
335
897
1105
253
1849
387
234
624
1344
950
683
942
1556
1124
1957
495
589
37
930
218
1833
65
108
745
474
725
1245
1808
834
538
293
1169
1787
1398
1774
1636
137
8
612
1481
1310
1647
423
867
772
732
1714
1361
1121
644
1931
955
709
39
52
1183
1116
1297
1343
1950
1835
1636
1471
1975
1386
1597
1611
1875
1606
576
1357
1268
223
132
487
995
1217
201
356
338
845
287
1645
1907
678
1698
1442
1795
995
786
97
1183
774
1921
1158
513
1518
1121
388
1476
1697
97
745
273
230
1584
1268
1799
1786
1625
137
983
264
1783
1242
943
1833
685
738
828
1823
1187
363
949
1108
1873
1814
627
995
555
455
1044
652
1200
1317
1234
785
938
1033
923
563
1523
1906
1179
1306
1149
122
1491
186
1212
671
361
400
1035
1310
1860
908
1125
839
255
32
1295
1652
684
847
1321
271
1984
259
1656
1259
1174
1179
1166
354
837
667
476
328
853
41
1000
1214
793
387
876
1005
1647
353
1845
1903
385
1492
1907
1422
691
1228
45
676
1488
1701
1935
662
881
1453
1368
1718
120
197
47
1325
238
1399
891
1031
1786
120
388
1433
825
233
1688
1211
77
1595
985
769
1176
1030
1797
664
731
84
1678
1612
1538
1047
1683
10
1596
1730
1688
1834
1481
931
1217
1267
1051
1605
1052
1877
191
741
1440
268
336
777
1389
1512
1807
1186
528
890
1271
559
855
1161
1958
538
1523
1554
620
1563
1740
101
495
957
1720
1898
914
772
1775
1105
1513
1567
1726
202
344
1115
66
503
302
595
1394
1925
1506
249
1438
1816
1139
961
1370
1759
877
1110
1860
1372
419
1932
1270
1333
704
1398
791
218
1317
517
420
1662
1984
486
517
638
1433
263
563
1291
864
1
1107
3
1315
829
1762
192
1939
1974
1916
710
1906
1538
396
611
936
1187
1181
254
56
1601
268
40
439
1137
679
225
1401
1594
1516
265
1948
976
269
1263
1805
383
1807
97
710
75
807
968
1613
1203
1579
550
742
1112
1156
798
1065
1776
1191
1505
913
1870
82
666
1816
1598
932
1764
926
1553
1379
732
1936
1186
829
646
1261
1988
1615
1227
1544
1546
129
286
659
1285
1437
1724
1413
628
1581
678
850
1663
1345
666
1614
277
431
540
1830
1810
1624
118
1349
453
765
962
794
732
189
338
630
318
624
1289
1955
61
1366
1720
1041
1299
399
1891
1315
1744
558
929
373
989
1821
203
1151
1446
321
500
251
1438
1463
1045
170
4
1735
801
675
360
442
630
773
160
351
1815
1812
750
1706
1127
846
616
408
1219
1957
229
1774
1109
27
95
1961
631
1886
1776
28
56
1781
1764
1209
456
476
4
1438
1249
516
1789
1064
328
891
1123
1455
89
1739
1863
1308
1697
445
1082
806
824
1530
767
1807
1416
544
188
1824
677
1952
1386
1485
780
1742
923
29
610
1065
1446
939
308
569
746
398
660
962
58
357
1759
1493
1515
583
1023
635
743
791
1531
931
967
560
1235
705
45
15
447
968
396
1058
33
1842
349
342
763
1095
740
1776
409
798
133
168
291
1
1104
1666
988
1847
809
519
1130
1777
1079
365
482
1124
380
1282
444
776
692
478
971
1041
820
86
488
1912
1862
898
1062
348
1418
1706
349
522
1724
1337
721
534
208
1851
663
1639
216
1145
1115
948
779
1559
77
1471
389
1400
864
1209
1486
1353
1473
1349
603
888
49
21
594
750
896
318
439
1617
852
647
1821
1867
638
389
1013
1753
1338
144
1664
1767
1968
54
1167
832
1615
1005
537
1089
706
1492
1977
755
1514
923
1505
762
1241
1944
379
446
943
200
313
1581
942
1678
1686
632
1823
1351
399
143
1757
1918
975
1372
923
1865
461
1630
1357
790
737
871
1713
595
1633
1307
539
365
1753
1835
917
418
1768
1859
97
1807
843
272
1158
1242
415
1267
1160
1742
639
436
1607
1101
418
965
243
1155
188
1957
1750
174
1264
642
891
1369
829
1808
1787
597
20
236
404
863
860
1914
458
1275
1181
1970
1370
1821
406
977
1274
1176
294
1517
332
483
1826
434
1009
1442
1428
1900
811
257
60
951
855
432
1539
1611
1296
400
1526
106
27
1059
76
1397
1232
835
375
506
363
1021
376
695
1504
554
1482
865
1997
910
765
1160
1168
826
463
375
1258
3
1986
906
403
1864
1364
782
924
1441
180
508
628
907
1367
991
1928
1743
39
1785
649
1873
650
998
783
1416
511
303
594
974
678
204
977
1017
1111
1732
881
827
515
157
268
1047
666
1248
1954
33
592
234
128
631
19
777
504
670
128
1639
438
639
1943
1384
1613
973
1588
943
1990
1051
1027
1224
1879
1894
1381
499
941
399
100
895
432
692
1482
912
1323
1501
42
179
523
170
1818
1313
809
113
697
422
1087
638
1717
1429
41
745
653
1920
639
387
772
1933
1138
872
828
1923
1564
662
835
1239
164
877
1418
1039
1047
1588
353
208
1702
1402
983
1141
392
700
570
434
1797
1576
706
789
315
1478
722
1453
350
1902
1376
266
565
212
1505
1081
1441
923
120
841
512
825
1049
566
580
32
1707
972
1085
277
1406
882
205
113
23
520
1943
745
1974
646
648
1702
912
1213
1914
418
294
1708
1693
766
549
205
1592
1598
771
524
1983
830
1496
1420
1108
1255
654
1665
1720
678
186
1663
1423
512
309
423
214
1574
1988
129
1992
282
189
1685
1401
738
243
1345
688
1366
1869
671
197
1365
91
1657
972
746
1322
692
1776
1508
708
1199
372
1369
1975
587
943
1963
1068
935
598
1257
973
1999
1995
1568
1344
683
934
1565
1707
1131
1282
150
1140
255
1248
463
1299
1024
323
359
576
696
1729
551
1283
672
866
351
1960
1464
1960
1285
1815
1955
853
1511
990
1787
1076
697
1271
359
1200
411
966
448
1226
265
1473
1550
977
401
246
706
952
1881
1730
1818
584
42
1635
544
1327
1450
499
532
962
1841
672
390
891
1943
749
91
706
67
539
285
685
364
1835
1662
765
433
368
1717
314
450
1888
1250
493
1875
1794
172
1325
645
1057
639
486
1729
1030
1377
24
131
1820
730
199
360
1367
884
724
1202
898
1490
1987
1618
1559
653
68
1799
1903
913
1674
49
1438
1352
694
495
343
1533
224
1373
1262
248
1857
1083
1330
56
1443
1050
1292
519
252
542
9
592
160
1921
1245
228
72
1501
1494
99
1550
932
1451
597
1779
146
130
355
1872
1392
955
1729
475
637
137
270
1687
1781
790
292
323
1151
884
483
1072
481
1063
1497
334
557
1596
1885
1841
1399
482
1620
1545
964
1975
1417
356
1282
1498
832
1920
1635
1102
1607
1416
1892
1899
1739
1396
783
574
820
1617
1638
317
1951
547
1913
188
389
1664
1022
361
1562
1986
689
979
343
1971
478
1527
1891
465
981
1499
1882
1226
1398
1973
622
534
548
1442
503
538
112
454
1085
377
995
1474
42
17
188
1604
356
877
935
1051
848
1765
578
740
231
1911
591
113
1137
1989
438
111
875
1338
1554
1378
1876
18
185
962
395
1180
788
437
1549
976
393
1905
1853
1329
956
1054
1094
1886
146
1325
150
737
1790
1287
726
581
1399
1954
1919
1305
1332
1796
1323
1869
1110
70
1049
1898
508
599
1227
1253
856
1080
582
165
486
29
403
632
1706
553
1369
1849
1841
448
430
1592
402
349
1249
86
497
572
1956
1607
642
1357
1506
1502
308
733
756
1165
165
1690
1330
652
71
1733
1284
130
287
1006
1979
480
1454
409
72
208
1110
1673
294
1608
597
602
1215
1591
1960
1073
1094
620
1806
202
1785
324
244
1115
976
668
1201
612
798
1840
1618
777
320
1072
1538
744
1280
1000
417
1927
608
1014
881
176
957
1193
1249
51
1814
1408
605
1599
1732
1202
1067
708
1870
620
1672
668
460
1291
1797
1132
715
1687
1876
348
687
645
627
1648
11
1508
1824
968
1054
1425
1372
868
833
329
819
917
1531
1886
1977
1753
858
1650
421
1318
1293
570
802
8
257
678
708
945
1675
1335
593
1686
1196
769
1007
250
194
379
1470
1380
708
289
297
592
528
275
345
1386
1925
1119
1057
1570
1689
1859
1578
1947
890
639
1244
565
326
189
604
1522
958
1611
124
1504
342
1946
884
1402
236
1534
1994
1116
161
692
854
438
1811
1911
8
1852
123
1938
151
1365
577
1395
282
904
1584
886
778
894
849
1255
751
1543
1201
1987
946
1789
1521
940
905
1682
1984
1760
120
1795
23
128
1648
146
67
1799
1863
996
1547
146
252
1483
1384
1031
730
234
638
1481
129
1839
1468
1075
1629
990
368
886
1024
352
646
1497
148
1022
1977
148
1520
44
299
1384
1393
198
1530
1645
34
914
1028
764
1500
1666
245
1630
1858
65
705
1839
1407
1425
725
432
1778
1724
1929
278
746
1906
778
266
303
1429
2
48
1628
1532
45
1662
799
1074
426
651
1092
1023
281
950
1088
1339
1141
496
764
219
1280
894
1943
1561
1524
1041
1467
302
1307
122
1732
1662
522
1360
1194
568
1374
345
1642
152
997
1086
1175
1278
389
615
969
1530
1111
86
1749
391
980
44
1952
857
1085
1772
1159
745
246
891
407
769
603
1953
1689
329
299
1683
481
1296
769
1656
926
1158
272
1896
1041
1735
334
790
127
1666
835
431
523
272
555
1683
1017
802
926
1424
1923
1882
1730
1612
211
29
1295
693
1325
416
349
603
1575
973
851
968
709
1185
1758
1188
852
945
1971
1375
1570
527
1410
587
1681
337
364
1956
571
94
1920
782
475
1567
1475
152
1983
177
755
1910
1502
1607
878
563
1144
989
1751
1996
286
75
1724
208
954
1486
796
987
175
1512
943
746
1958
1215
1529
433
782
1004
585
1117
1533
1692
1380
1036
1299
610
1599
444
1951
1703
792
590
130
868
798
1084
355
1946
71
882
1458
1366
1629
1768
581
1158
201
1715
514
1138
832
48
831
564
1436
482
1175
1387
926
1126
1090
71
68
1220
1291
867
656
1998
813
727
881
624
93
510
392
1026
20
594
741
534
84
1926
934
915
490
722
1398
17
110
676
1496
1552
1099
1564
1125
391
783
1781
389
1597
861
1622
221
1306
132
613
333
504
1559
1426
1039
1644
1352
325
911
195
1048
309
212
1510
986
60
1062
85
1977
539
828
760
673
1570
357
1534
1192
930
1192
1677
1896
1525
181
1807
952
1572
1451
656
250
363
1203
1298
1024
1768
1160
362
1828
574
800
1805
1114
1628
566
1787
1550
1275
1673
743
206
865
772
102
743
1305
1909
1695
878
1713
703
1480
428
1907
778
1452
1675
290
167
1855
864
967
1661
1978
595
579
117
146
1854
1790
1241
412
1008
365
866
1751
1670
1128
1798
900
841
501
380
1621
760
1510
1425
787
1800
1592
643
665
559
656
995
1507
1235
1465
5
1441
1255
1246
206
615
1611
1072
366
1281
200
164
534
1393
1018
914
1366
1778
425
792
566
225
736
1561
1242
1296
217
590
1155
1804
55
1160
1597
1662
406
1803
278
369
876
644
2
1428
1161
536
1174
179
1803
540
309
228
1684
875
805
421
436
400
69
1005
990
1224
809
1045
384
407
707
1142
210
1337
1863
1438
1982
1865
1219
1495
754
393
1674
557
1285
1983
1137
970
1211
1942
1391
1999
342
1460
1005
1332
1036
1814
729
1772
573
1789
914
1136
1126
1129
574
1460
1346
145
955
100
890
629
1009
176
965
146
1146
176
89
889
175
783
701
1180
468
1737
1347
1549
1509
272
1338
775
1408
465
1904
335
1925
1250
480
1233
1703
1723
1862
712
1899
827
859
1397
1355
1300
638
1531
435
1339
1063
1255
1428
762
805
937
1035
143
1712
443
960
1968
1130
1238
1570
1963
471
1273
1686
685
1986
1937
1865
1197
1334
1220
497
324
1103
1284
1663
167
540
1091
929
1345
380
316
1840
444
1112
801
412
242
391
1982
557
1214
1608
243
1899
1594
180
1764
791
1866
985
1640
190
440
924
205
607
1816
1296
1889
1161
28
205
1354
472
1669
507
1236
264
898
1571
821
112
1179
1065
11
1125
1597
128
268
1816
1465
1908
6
1905
1184
564
865
1001
212
754
514
241
1311
1868
1065
981
727
302
1245
1625
1873
418
89
1404
1835
453
529
1433
581
797
1249
398
1057
1607
303
241
171
1168
1594
736
274
461
977
1586
329
42
919
1057
696
516
1034
921
1286
1124
325
1122
1929
1206
555
862
3
156
1260
1412
115
1915
6
639
1084
1600
1375
1710
61
704
1648
743
746
919
152
1443
1435
1538
716
722
662
1042
1844
943
600
751
1805
956
1259
1065
368
1726
981
374
365
417
327
92
127
740
796
128
1483
1895
1047
1987
1690
483
1526
406
1557
540
1800
1753
1484
401
856
1289
1709
467
707
77
193
40
804
911
457
1131
1355
936
1871
504
1064
1707
399
112
46
441
947
1572
1199
856
465
1000
961
1949
1753
1817
1590
1462
636
649
1891
829
689
695
92
1498
178
1448
435
50
1952
1851
109
703
315
155
1144
1262
80
343
470
545
1695
1431
846
1448
1600
436
1262
236
1438
1506
1418
127
201
1510
1978
380
1310
413
782
1262
616
1243
1965
932
1398
1461
546
1478
1805
1017
23
1500
800
869
1301
753
1658
915
989
1448
421
759
1927
975
622
1905
1707
1932
318
489
1195
935
1732
1512
1867
1482
974
765
1313
1131
1782
1336
983
583
558
636
1336
568
1904
677
16
325
1789
1943
1652
411
1849
1359
343
519
200
1890
1806
284
1755
25
119
729
791
1432
212
573
1120
1195
1508
1678
184
1196
246
88
226
614
765
15
910
418
426
759
129
1121
1630
682
1012
1437
1318
767
1462
1437
1848
253
869
412
1179
1990
1959
687
20
143
236
619
231
462
1233
1349
829
143
119
1607
1254
248
728
885
1282
92
322
601
1211
136
390
1411
390
1260
1823
1569
1602
1783
608
1974
278
1196
593
510
1658
179
211
839
674
330
446
1929
578
1527
1166
213
1619
1840
814
1183
1976
1204
594
366
816
770
287
770
553
1248
745
831
444
1690
1693
455
1869
1904
1646
544
234
93
825
1165
1972
1991
1730
1591
183
544
1126
159
100
1721
878
1269
843
1517
39
1396
765
1136
579
1562
827
625
17
1048
881
1663
1944
1468
108
769
985
80
1112
715
24
1295
1611
1150
1455
1711
1223
685
1332
66
202
1724
1814
968
860
746
530
39
1723
899
1088
604
914
1384
424
1375
154
1409
1455
1618
124
1831
914
87
1334
721
151
557
1406
1483
976
1608
1207
1142
928
420
1888
1810
459
1963
1061
1899
568
328
1284
1344
1703
1790
754
1510
1408
1230
1342
674
1318
676
1747
1821
1585
1505
1304
561
1466
864
56
394
1284
1944
557
95
260
1618
347
828
1946
1983
524
1649
1773
1278
1160
1533
861
854
560
531
1882
659
352
1467
165
8
381
1631
872
437
377
156
733
934
252
993
905
951
173
851
934
698
853
1059
328
365
944
1541
1219
1504
72
1101
516
776
920
681
785
1653
664
1657
442
1393
166
1528
328
418
873
1233
1721
1047
436
655
97
1289
1714
777
1654
658
319
1225
515
743
678
1031
1872
1599
64
657
1604
1080
666
47
473
832
1575
1153
1602
800
738
1323
1847
1175
330
296
816
396
1426
471
1055
1745
48
1922
840
727
1305
712
678
1721
1721
282
801
388
681
1626
1572
608
780
1175
1409
1870
850
1608
1397
1181
1905
214
1577
1331
1037
984
1428
1085
1258
620
164
915
1333
842
636
1406
1125
1437
146
158
1416
1719
767
196
1246
176
418
448
1784
1816
1981
41
382
1911
1724
1771
895
1152
856
506
1773
1373
1421
1458
215
58
1216
1692
1847
1363
1851
1615
1434
618
1811
680
1146
582
1480
1282
398
1462
1324
1132
1373
1048
903
620
553
1759
1478
678
1484
900
488
1700
1310
1704
1392
1509
1067
1595
1125
501
565
1288
1533
63
1870
1366
1346
620
828
1022
1752
553
422
655
1525
1327
767
1004
5
251
256
493
303
1918
198
48
1427
1617
1643
904
471
561
545
356
624
767
1722
1970
1388
902
1344
1492
1807
1767
148
1333
1094
1267
689
1452
1870
945
1945
174
1215
495
222
994
465
217
1899
1288
778
796
1644
1403
1563
1367
1725
951
621
1070
444
429
1189
944
114
635
563
803
87
433
100
385
607
1315
880
1181
661
1697
1399
560
985
529
1708
630
1932
1272
349
10
575
1322
1432
1019
1751
621
315
1865
1256
878
1020
1696
1664
1120
81
271
787
1313
1805
1449
1011
1556
361
1996
85
70
978
370
1342
1679
380
1917
1002
164
1289
1105
785
1956
1323
393
1187
343
441
851
1816
522
1474
603
1836
1279
404
1199
835
766
1547
921
1188
526
1291
882
557
23
1151
1559
187
440
1017
1324
749
340
69
1936
683
511
1139
499
1033
613
1455
1221
245
1859
420
1432
977
1968
705
165
846
348
1047
1403
371
199
1315
910
991
332
586
92
1024
656
28
59
1167
1519
911
552
133
366
126
730
577
546
162
1907
514
1220
72
1712
1568
1472
1116
292
23
783
1202
1366
1467
1789
1459
491
797
1839
550
316
1359
1461
1220
1844
179
1346
574
757
1893
1088
1016
759
308
1440
472
229
1264
1940
521
1287
1075
75
1006
542
216
817
1033
1013
1008
1935
1681
719
1397
902
563
1928
248
1489
1037
493
930
53
1253
1238
1494
77
1819
758
369
340
398
1444
768
1404
1986
984
573
1371
350
1581
1306
31
301
1055
933
1216
984
1182
706
21
1675
1636
427
1280
1226
1921
1709
1046
679
430
1738
1077
226
506
833
564
1491
1406
1935
1841
1340
1594
224
1641
1001
1158
857
337
692
1915
359
719
1903
786
0
1130
1059
61
528
1738
844
266
1168
1070
1125
353
1635
616
1760
1922
809
1452
1868
1385
1093
870
543
302
1207
1235
570
1918
1955
473
1056
307
1955
115
720
483
206
1564
1102
1374
635
227
1727
622
1195
1839
544
356
1291
413
93
736
1635
637
1039
842
224
1961
1113
531
434
169
838
390
285
1559
1225
843
1475
679
217
110
1258
296
732
805
136
1629
1513
1779
394
1607
516
29
596
1907
1223
820
1868
336
1352
654
858
542
1396
1495
101
622
338
1577
1653
907
39
1264
1203
1124
69
1691
1105
1935
1823
1499
1542
339
1880
138
598
1103
1310
466
1792
662
1472
650
1205
869
497
1658
1843
835
1587
1496
94
1627
760
1297
1103
1182
1341
208
1117
1164
1707
1011
1855
1939
1501
453
1042
811
1271
1186
1474
743
188
1031
1612
685
689
1807
1872
277
1304
1966
256
416
1616
1359
1950
957
1567
1419
473
1626
430
328
1565
1931
1133
959
743
404
146
569
1499
686
1600
1464
1372
289
1271
1244
566
927
1563
1174
1344
1179
533
1646
488
452
1066
1313
430
1848
1993
1995
1780
1126
1307
875
1882
1805
1444
1381
491
1044
845
1863
1685
117
1460
604
1396
1375
1778
1092
906
312
739
1394
1116
157
1059
1547
5
1052
1894
137
178
1201
1012
412
1006
456
1793
1498
1852
991
1713
1538
1460
1525
142
856
900
1920
1949
1806
584
1040
1552
1701
1197
611
1248
1202
1663
1142
1340
193
696
704
605
1702
1513
751
1552
1365
94
1266
1255
1554
1143
1749
762
44
1670
711
202
606
1751
1755
307
1300
718
1907
855
734
1402
547
927
98
1251
1885
152
764
988
1705
482
1082
1323
1737
988
466
1487
1750
862
1509
462
1065
467
565
1172
1127
218
1890
1034
1073
624
788
1620
1904
886
871
141
1039
1988
1129
1096
470
563
419
559
1551
1237
46
1301
100
1907
115
1165
375
1033
337
1502
1603
579
888
676
1204
1677
648
1108
915
1871
1249
306
1859
730
1402
329
1293
1821
889
1196
1059
1287
849
1159
1547
1317
676
1922
350
1365
1776
1953
1944
1016
981
1500
1045
1629
608
1961
1500
209
267
1712
1291
1670
393
936
1843
1282
132
1254
922
982
765
469
299
1441
743
1001
1158
871
1306
1455
1887
639
955
1285
268
1916
1246
120
125
1865
184
1417
1887
578
353
83
1860
838
1337
1134
172
103
1955
471
1896
698
1824
1055
1921
1130
862
1809
1769
1817
1094
389
1733
692
861
211
909
1046
1980
797
1624
685
880
1836
1523
217
971
47
672
1278
518
569
1977
694
1976
1898
1824
838
59
1945
1007
1505
686
1093
549
1548
1656
1459
946
1636
608
922
673
1488
758
549
57
81
596
1082
1360
1467
1651
1689
161
1979
1587
338
1169
1999
283
528
1504
970
1621
54
870
1277
1865
1816
1265
473
738
291
313
1848
840
722
282
1788
1804
1642
1255
1807
1683
1417
138
1270
1755
1307
1621
390
1836
1478
1712
1809
1884
934
1439
1749
750
1056
574
1840
1347
887
41
539
1609
323
328
1766
317
1583
1573
0
1352
1712
1622
1459
1371
1244
202
1559
722
1914
1369
958
849
1160
707
1951
216
1281
144
1564
520
185
455
129
860
783
1895
1177
719
1821
1177
423
1885
1151
1883
1256
395
437
816
1469
703
537
427
1904
1697
1486
1856
1913
767
352
1829
1287
889
285
1769
101
1420
16
1278
139
189
807
563
74
1958
798
1331
706
1587
499
527
290
1036
955
195
1085
441
403
998
1561
1107
1180
1200
1996
1465
1321
97
885
1338
1727
1377
1879
886
292
1954
844
1442
1637
1902
1029
488
430
1319
1876
1385
1514
961
178
269
311
91
1376
1491
1292
1372
1308
613
1821
546
303
1900
1923
183
786
567
489
1631
9
126
1885
1038
614
315
357
842
52
224
1803
231
845
114
322
222
1958
1966
1946
1618
932
1768
164
1235
1668
439
1770
455
1358
259
438
1367
737
323
405
1703
991
1115
545
1043
1691
348
1626
536
815
301
758
1125
267
1057
743
1199
825
1260
787
845
51
909
1652
1410
1169
442
777
258
1118
1535
1962
109
1002
859
1504
693
1560
1131
1581
375
1784
340
1852
51
1397
947
1603
574
559
742
1771
611
1651
1776
373
1172
570
1502
1431
1688
1389
1745
149
391
604
1654
1084
516
1137
666
891
921
1358
1095
1324
1107
395
1279
33
954
21
156
1917
25
1932
290
1197
503
145
980
191
1534
1077
693
1926
34
347
1362
550
1836
380
1794
757
90
1241
433
1549
1636
1713
1582
591
86
1739
508
111
23
1151
1661
526
1296
993
1070
1182
423
1763
1460
457
462
823
1359
298
1555
1505
1407
1998
747
1840
1547
383
1905
1130
974
1992
1221
1835
455
1244
1338
116
123
986
1462
1545
168
1885
1308
1629
694
122
804
405
772
711
1911
531
709
658
723
257
1041
629
1739
368
973
1312
555
1428
908
1893
1897
1031
879
1711
576
1399
1948
236
1028
642
710
184
1399
1482
896
1310
365
1957
320
1089
214
1714
70
305
82
1043
1969
989
823
878
882
1072
1909
113
783
838
1512
1083
1074
893
77
137
1077
1477
1619
325
787
337
283
1108
1426
849
822
1496
1155
1256
891
1124
245
1714
354
1479
1139
264
1592
274
1454
1456
1358
880
349
1435
1017
1427
1264
989
104
52
1326
387
1512
752
1237
686
600
744
294
1491
220
891
1557
575
370
1048
1191
314
1323
645
1770
1033
1525
472
820
543
1899
85
1532
3
489
1210
743
353
1962
1980
1039
914
1076
1685
405
1296
576
314
1871
1298
1363
1062
1964
1038
59
86
71
1585
558
891
480
809
1328
364
1165
1817
1574
1908
170
1888
240
1561
802
1316
1598
1559
964
174
225
1188
1824
1588
602
140
978
662
227
1049
599
785
293
1079
1947
1621
1443
1112
1791
1369
1020
1961
1257
1260
1875
411
928
1473
322
1892
0
547
1432
176
488
35
317
1466
697
896
516
1296
33
1161
727
1980
1134
170
1092
925
1891
112
1239
1500
1724
1466
1911
1004
939
233
1249
1291
1132
681
1468
1620
716
137
1087
1765
1033
1955
1413
1066
1468
140
1399
602
662
491
1880
553
956
1471
405
1032
937
316
37
228
901
1638
1520
34
319
1340
6
1388
1477
1093
1505
862
1400
1271
280
868
1411
1679
1823
426
171
1703
1331
1479
1174
1737
511
111
405
900
691
1307
538
211
1693
1210
1551
1699
950
1380
1145
455
242
897
78
875
1766
1842
554
1589
268
1077
1644
1951
556
818
40
1068
1281
446
1968
324
105
859
536
150
69
439
201
1371
172
1346
178
766
244
257
1641
362
99
196
303
367
1273
1947
670
1830
1117
711
1250
750
1157
1570
1074
1614
781
1610
1764
1202
402
1965
573
926
1664
752
1692
260
1009
1334
622
1108
1882
1277
1827
1507
1224
497
1689
341
1560
939
1443
1069
862
517
683
1643
480
799
846
1234
765
1419
160
781
523
1852
1041
1532
1538
15
992
1420
1292
819
1280
868
1669
969
1561
1229
261
1004
651
1475
1521
1334
1118
1
134
316
1587
1251
88
1747
32
611
1600
1425
144
1490
1440
1136
1263
1084
308
543
1952
329
1512
1513
1910
125
869
561
1600
390
248
1071
744
734
1387
331
1985
1475
79
369
87
31
146
583
1521
1938
71
1136
1022
379
1679
1326
1060
1544
1191
971
1669
60
1532
1622
802
1780
693
1546
514
432
230
851
1908
661
1572
347
1044
1718
930
917
1656
1001
54
1030
1733
1733
356
1145
1629
1899
116
1651
1959
1649
1273
762
1781
318
660
296
750
1242
1499
1010
1903
1072
1357
947
790
287
1865
799
1641
271
1829
1726
4
538
871
1986
437
1340
1637
397
989
1262
1511
1122
1580
523
1770
330
1766
1270
1693
21
342
1050
1321
1484
1690
1186
283
1683
1809
113
1761
1813
1003
984
1799
1440
324
1788
189
1665
1050
1700
788
630
576
558
1313
342
180
1006
715
522
408
36
359
98
1574
642
1781
1383
1107
1894
1549
462
879
1700
1903
1203
1489
92
869
539
145
1657
1522
1073
567
1187
1415
748
193
482
1622
601
519
1981
1052
93
976
1185
1477
435
1080
1378
898
1959
1078
1153
1514
567
1597
383
1459
1742
392
981
815
1312
168
582
60
713
1065
34
1666
1936
368
1070
29
1696
256
1858
131
1688
1588
1381
1999
667
886
1513
1586
484
249
1397
226
641
730
1394
305
1250
328
365
1963
1745
752
1982
1681
1120
1052
63
816
1660
273
1299
1700
1862
1033
1699
881
1919
1565
467
403
1814
1865
982
807
595
728
1113
1846
1408
1830
161
1154
582
143
1187
54
1548
1250
870
1560
1876
522
1613
1738
1907
1312
619
1826
1229
1438
582
1043
1303
1916
1851
251
996
1316
449
404
1146
610
1558
1729
1106
746
1783
1006
348
1006
918
224
1880
531
314
1787
196
933
1965
1425
372
899
821
27
815
1024
278
1811
340
727
216
1486
1690
126
1567
796
1224
1703
154
1573
1061
1072
149
941
1604
464
1080
152
1397
1045
1577
121
1945
750
501
760
1774
1131
924
114
1859
1492
1953
1901
1618
1872
697
1195
1575
1203
768
636
275
1269
1929
231
1733
1009
383
1483
407
313
1604
352
1063
105
1464
838
1237
740
952
1448
232
1257
1701
203
1130
750
1398
1057
1953
518
46
228
1787
1975
460
1873
1337
1195
1356
1744
1508
960
448
572
1418
264
1410
1007
1005
714
807
1589
324
508
1792
1454
1258
1542
863
1563
60
909
1791
200
1237
603
73
574
151
1429
670
1659
741
1470
231
511
1734
1993
1870
739
1060
1029
329
1384
1537
473
1190
1147
16
405
1062
428
1315
854
628
552
1809
1053
1478
1960
482
500
1972
1576
1970
203
439
1704
549
310
796
1961
1339
1477
1697
1229
1950
1239
728
318
1644
1791
747
959
997
1727
1863
806
1133
1341
1119
1967
1841
1091
1543
163
1646
1983
1868
547
645
664
508
1984
493
557
1565
443
1796
294
1114
1441
85
213
752
1082
1940
616
240
1073
309
1711
1393
503
802
936
666
801
1271
886
1348
1916
1550
209
253
395
766
1818
839
915
464
305
356
549
518
1460
1983
810
428
576
236
738
287
1629
1593
1442
565
259
595
189
1146
1943
105
1048
504
710
1444
1271
529
635
538
993
940
894
1895
1810
706
230
620
1135
1158
856
225
1798
485
1818
1240
1403
429
1835
1592
1927
130
1697
976
987
760
772
610
1289
1759
1148
634
1051
42
881
861
1100
1112
1481
235
622
338
812
420
1175
630
12
578
1060
199
170
1339
330
220
315
1317
980
1439
279
621
1198
1427
1255
249
1821
489
1462
921
1953
944
1509
575
1634
321
996
809
952
1008
1388
364
1208
1910
1703
1890
130
371
1559
1110
162
1838
83
1361
1265
1339
1962
1086
180
1777
7
133
721
1516
708
707
1838
56
1868
1142
1065
1608
1858
273
1519
1913
515
1
636
74
1464
799
1912
1547
160
1529
1238
474
615
1418
251
974
1551
1324
843
612
383
1033
668
252
175
1733
212
385
358
1731
650
873
1733
1287
1299
1197
86
1211
1096
598
740
335
1424
1707
1753
1676
682
1657
1352
1525
269
88
558
937
340
1085
1023
552
1822
1381
636
472
607
721
1759
1906
270
197
1470
1366
795
562
1701
220
270
1455
248
1304
1464
1952
1181
1733
40
91
1022
732
1176
45
1285
1350
1779
273
1822
738
994
1934
644
1616
131
466
982
927
1029
1036
1499
1651
843
99
955
307
51
488
40
92
579
1062
1176
1755
1460
813
1105
1239
1086
1279
1977
432
1213
973
48
1697
1440
1383
976
821
419
475
824
1262
574
131
1921
977
619
1961
1421
1198
1375
598
953
835
1411
410
426
850
41
755
1282
1607
1729
1683
1304
1521
1418
280
694
189
1107
1518
1803
33
1649
1724
1362
268
37
784
1466
1412
1734
771
600
1145
1533
1378
347
1926
134
1982
1533
215
1665
1189
88
1435
1821
782
1624
928
300
1427
1313
301
1151
676
921
1188
1460
739
952
1546
1510
1904
691
1395
1283
1391
1673
1769
1373
1207
1984
1390
748
72
825
570
854
801
1850
1506
228
1164
159
1731
1840
1080
1271
1652
1819
223
1198
1681
480
241
1428
115
1632
1101
1884
1357
660
1868
747
1409
292
1572
331
1146
373
181
1004
953
1697
1163
684
1889
595
307
1893
414
883
1443
447
1363
1685
1875
1478
1669
976
1362
1027
1637
1582
126
1046
1874
51
1729
1372
776
262
376
1730
1960
1891
766
201
838
1074
95
1252
309
1538
1699
1672
1575
1574
1502
1597
902
864
976
539
798
1102
1937
672
1153
1666
44
282
1929
772
364
241
1015
1130
442
1853
556
889
1457
1217
428
1508
889
355
1434
743
1952
336
1607
928
1228
757
31
1165
1429
1536
1184
1825
1818
1465
949
534
1706
1964
17
500
169
925
1390
1978
143
1818
1486
1032
173
920
1776
478
1609
1735
1406
837
845
1789
2
274
1326
1538
452
1496
1003
1401
383
709
1718
400
1562
239
1325
952
218
1468
1122
1704
853
1647
977
981
125
586
1068
1532
1423
1913
1321
1777
540
999
1316
992
848
319
745
1231
1381
815
1983
943
1055
1308
247
1625
777
1369
1329
1982
1016
658
963
1494
1244
31
1026
1019
297
699
1149
837
51
465
181
1251
1136
1278
834
869
94
817
164
1501
125
411
1126
1254
132
807
1236
1149
1466
551
995
1062
935
21
82
1232
1072
1231
421
1123
48
954
726
1536
232
1560
758
678
729
922
179
1207
1686
1657
461
1818
465
50
1319
283
953
314
1345
1888
335
1779
1472
1760
1362
245
1235
1762
1199
1962
1299
1784
1874
57
814
604
1331
994
1811
1017
1003
624
836
1820
1026
155
103
1980
470
1801
220
1157
1580
45
917
943
642
505
705
194
467
356
1978
693
765
792
1649
97
138
1460
1114
1494
437
1950
1314
1463
458
1418
1443
1280
1219
16
437
1151
413
1707
94
1055
564
1152
1249
1383
1860
1579
76
626
724
1726
723
1214
1538
189
708
1975
492
23
1439
950
1793
1234
582
1364
1602
1371
515
15
1430
962
1071
1994
466
672
1377
326
252
1806
952
1328
1532
27
542
1422
217
1251
1398
1061
1626
1189
363
1419
423
945
1135
378
316
2
393
1747
1316
1816
1741
1782
489
1471
461
1093
1277
1413
421
809
1793
963
231
362
566
1981
1423
192
1170
1786
1963
1946
1083
1450
324
1399
1453
717
1498
769
534
1240
904
1375
711
1365
468
340
1130
1241
1149
923
556
1732
1637
1123
66
1060
1667
1236
1198
1631
1534
281
1081
1858
33
886
928
1531
1656
1814
1123
912
1189
186
277
9
526
1407
1602
27
683
158
112
320
1633
178
1381
1301
1766
931
1284
1301
1565
717
1159
1950
1604
439
1833
1612
253
957
524
1794
1143
801
155
22
560
1757
49
1243
1916
161
1564
1549
339
1297
1202
106
580
486
1759
145
1556
918
447
1160
1710
281
1124
1963
1238
0
110
733
1153
265
755
1713
23
1157
957
1939
1318
873
1840
10
170
1395
468
1102
1881
227
1600
1437
1497
47
949
1207
328
425
1523
1918
425
1633
1004
1578
1898
111
1292
1921
1620
601
212
939
1474
405
1301
1996
1800
1769
1098
33
1996
1050
1823
1845
1098
772
1053
1778
1198
576
49
1623
209
1405
1554
459
1868
846
381
1489
1799
945
428
1273
1350
81
1621
1150
1850
1071
1184
198
122
1359
43
1572
131
1448
1702
1681
376
1751
1657
937
1156
1211
1397
1025
409
130
866
208
1075
1294
1833
426
1375
1806
1928
1577
877
1464
127
1351
823
522
1275
1307
1971
978
988
699
729
997
1637
238
208
1386
1615
969
1516
481
1177
591
127
1362
1017
1854
1168
1298
1783
46
762
1910
1749
1586
432
1025
893
755
3
233
1455
1084
1231
1444
1674
1791
830
1641
761
346
474
290
1289
601
1653
659
807
821
1957
590
1219
719
852
1321
657
1637
346
1550
392
701
1784
199
137
1367
1643
1812
1158
825
1805
271
1523
280
562
813
1233
567
1824
41
1740
1781
983
960
852
188
281
1510
1825
979
1060
569
1680
1196
769
169
563
764
1981
74
1590
1787
345
1465
419
1259
630
1652
178
454
45
1919
235
1381
879
1440
1569
1512
950
1746
491
362
315
523
1559
1084
692
474
201
1026
548
143
1165
1246
1608
1584
857
239
1588
1036
1045
1986
955
1633
1367
186
1073
1288
1698
23
1034
541
737
1701
1416
648
1138
108
1123
1339
1486
23
1834
651
1621
1442
587
479
33
176
1515
1079
514
470
1064
1881
656
137
1521
706
512
907
1247
1249
608
663
1898
98
1123
1373
1437
962
1396
1623
1613
1370
1066
553
1849
1451
1081
1364
882
1595
186
1946
1828
842
435
1349
1900
947
608
1147
197
1216
162
447
1667
1637
1820
1456
599
1568
1080
565
938
498
1470
787
1949
551
503
1184
498
689
1130
326
1883
1566
27
1783
865
635
1282
1062
203
1444
1861
1870
1434
1681
1327
33
1602
407
950
892
905
420
1680
1206
971
535
390
1469
1577
1873
147
1460
1791
174
1244
656
1161
878
1719
1365
323
1932
1235
109
1614
914
142
1568
1321
1093
460
578
1865
492
1785
837
1028
175
658
605
48
1158
417
1839
1332
13
848
494
892
567
211
1567
499
1446
1676
465
713
1818
33
34
1263
846
613
1129
1338
750
318
718
1277
1328
1323
1678
486
1741
1869
1819
106
717
665
998
1636
1228
565
488
1026
241
953
1739
412
1339
1774
1675
185
739
1156
1875
1489
1826
594
1118
1155
269
796
1641
362
666
1812
469
1383
829
1467
1020
57
33
1508
1084
626
813
823
1038
152
949
1066
689
1688
574
917
1529
401
1511
648
1556
1780
1444
1197
143
110
1362
964
1846
191
431
866
249
816
374
1333
1443
1187
156
481
1692
1106
1899
733
1146
474
1650
676
875
1161
1676
431
1294
1472
1980
1789
1935
1342
753
1781
1534
1184
647
1783
353
1373
1468
1796
560
1624
629
252
1082
529
986
229
1003
988
1257
230
150
933
1013
1796
757
1345
1585
692
688
690
473
574
226
1472
709
579
845
177
375
1406
153
1357
10
1236
1886
1348
1817
1241
337
1074
1823
839
7
836
987
1116
181
924
1809
1221
1614
282
147
1840
1755
856
772
952
1385
1499
358
1539
856
721
1127
1094
69
944
687
758
370
510
1949
729
1698
936
1845
232
1860
1654
1453
1826
289
1601
1667
396
809
791
1348
195
290
59
86
1147
780
1565
593
1201
861
1281
1960
1231
143
261
1960
194
1198
1805
426
1058
1812
231
885
101
184
904
497
994
1695
1845
1541
337
256
1979
1484
1036
1896
430
590
757
63
902
340
206
1163
300
400
361
457
1178
1772
269
1410
657
370
1594
1913
1219
940
1960
1417
481
297
1673
812
134
710
1060
564
1300
1817
627
202
509
1185
1717
1161
1938
79
1619
1116
1851
240
878
860
963
473
1125
182
1765
1085
1599
599
1734
1625
1411
1868
335
472
784
1987
641
1763
541
1151
949
258
664
1239
689
635
355
540
876
1586
1752
1839
59
877
373
176
314
325
775
49
1950
539
1917
637
1011
1054
624
4
817
1517
1507
118
127
172
1709
817
807
65
1709
35
3
1462
226
62
691
600
238
1006
925
1366
1055
1227
1905
1324
1864
916
730
488
1272
1548
357
1132
18
484
1304
1728
1653
463
145
1363
851
148
1177
1077
562
1868
1677
1152
1226
954
518
281
181
423
1958
45
1691
688
885
1316
588
1594
448
959
431
104
1039
84
919
1536
1799
1770
36
1328
848
598
1197
877
102
775
1832
973
1409
365
1748
1367
411
1792
407
1648
1108
1348
1243
1908
307
1674
12
1698
110
931
1234
1910
702
1270
1238
1550
220
787
779
322
1563
611
1647
972
977
1396
691
1740
1188
1098
1740
648
446
983
556
1105
1009
568
803
1120
1851
389
1382
905
1659
620
807
1879
1760
1587
554
1675
198
201
647
1527
1949
1690
1619
1137
1140
1360
1785
1939
343
693
1044
1705
1613
200
825
1465
589
559
722
249
1179
1530
480
1291
1117
1386
966
1667
1588
1965
1547
1537
1655
1166
1027
796
526
1164
1087
1222
1858
131
927
1471
683
104
1288
1273
663
11
1874
194
1893
706
1486
1010
93
804
677
1681
1122
224
1570
1129
1743
597
277
269
1762
1364
1843
1972
1496
1122
1795
531
1226
1436
1804
241
1447
30
436
1340
737
274
702
830
1430
1731
863
552
308
433
1682
51
1383
1959
672
1497
1676
516
1469
1172
1990
1616
55
1217
1052
1860
1810
499
242
598
191
979
1224
1245
161
655
977
1024
1559
1285
1810
1593
1336
1545
1905
8
1042
1581
876
863
1105
867
479
1160
436
1532
1372
246
383
1615
845
927
594
69
172
1108
1076
1149
484
636
786
294
229
122
1839
486
483
1233
67
1359
96
1172
578
928
333
1014
812
1705
1613
1195
1320
810
474
267
1231
647
1727
308
148
211
1296
935
858
1877
1057
1049
364
1892
283
431
1604
731
1956
182
1659
289
1549
823
346
1514
19
19
324
493
638
1555
1492
365
215
1641
928
1863
928
1786
1741
337
836
457
230
1119
1240
1834
202
1196
368
214
1837
1917
1037
536
1431
1056
555
107
1902
1545
15
1746
1910
582
1387
838
446
315
977
539
653
1813
996
1235
932
588
1421
1486
1785
1789
1700
1974
59
738
510
1842
146
1417
1950
400
962
1965
147
1224
899
1886
415
1345
554
1392
236
1559
1205
1584
794
489
173
215
1975
310
4
1676
284
63
766
1147
258
912
564
208
1665
1527
525
1812
751
1424
1698
1166
1122
604
558
1358
163
115
943
957
604
1468
1524
932
1778
1881
608
62
296
1726
1209
554
990
126
762
655
1653
1639
819
404
1416
870
1923
538
1474
833
248
1638
949
1191
947
1905
659
472
837
789
353
1797
1204
649
1523
413
1556
514
539
318
1521
544
310
341
1301
1726
1211
1224
264
685
57
512
675
1358
56
1623
1264
1067
95
101
1857
800
251
1061
1801
1774
1826
1357
640
718
28
162
1262
690
855
563
416
66
139
1032
1103
549
1896
1779
259
1952
1402
1523
1372
1849
1977
1229
1001
228
642
1154
354
468
864
1347
1538
892
1509
1153
1934
364
68
350
782
208
1734
1885
1109
1630
1664
1368
1935
1418
1244
1307
1619
1221
888
620
1801
1882
1775
507
702
639
1854
241
1883
1715
1394
1817
431
1462
519
1213
22
253
1451
1483
1883
1467
852
1818
1238
96
1477
857
1669
717
1478
1822
599
1253
681
1302
244
536
1543
127
251
1289
296
1035
1103
815
600
1478
1068
51
961
951
1871
1813
1122
1109
261
951
1966
282
1669
1444
104
268
1049
786
1570
1293
1674
1465
1772
277
1106
68
1312
210
883
1913
1688
1951
316
1001
1255
187
1167
729
1296
1428
1680
1263
63
1349
1059
167
1970
461
1305
1892
1754
1331
1358
1879
1609
464
1947
1273
1026
1183
1538
1066
1486
1855
68
741
42
1235
1822
1691
1015
1503
1306
1078
1204
365
1598
1174
826
1255
1067
933
587
777
1164
548
1593
1111
1821
620
646
1712
1686
133
1567
106
1226
1961
1693
1049
4
1061
904
1310
491
108
28
441
1283
1206
1697
350
139
636
1127
1655
1536
1072
1119
1357
1692
1765
1069
1731
250
988
189
1477
1302
1883
878
1306
944
1782
617
1787
242
645
229
1525
203
1926
227
343
914
1706
1998
450
779
1117
159
471
1235
1581
554
1485
569
744
1314
223
979
544
1530
275
678
147
62
921
1144
291
446
1347
569
674
42
1483
732
393
285
1511
1862
445
335
1449
378
889
935
1299
1985
601
1523
964
1146
1053
1239
176
1552
1654
1097
1048
297
1896
747
867
570
1142
702
1302
1887
1340
1166
101
1785
1501
1551
515
390
838
1814
376
1439
1689
1692
937
742
1284
1466
646
938
563
46
1235
459
794
454
1381
288
1157
1036
175
497
202
276
634
1703
1827
1501
445
1017
1315
1173
809
1357
866
1746
99
150
1212
1098
1088
128
1144
675
587
290
1130
321
578
639
1357
1105
1488
1559
1382
122
1614
1561
1623
59
579
1290
1233
1388
647
451
1486
1099
601
1051
549
41
1179
45
716
118
336
198
439
1266
837
1796
372
325
1707
106
799
1673
1667
774
85
598
417
1670
1986
1064
121
1825
515
722
876
1064
1115
407
1462
183
525
1798
382
1317
1416
1571
1113
140
1897
1173
246
1048
1198
266
1823
1283
1216
240
953
1555
1656
1074
1380
172
148
256
1588
1615
663
1050
1799
1540
1200
533
857
969
104
323
1461
353
1848
60
1402
1046
326
1577
330
1542
1817
1283
1097
1825
710
829
349
1210
1437
290
826
452
1692
625
1993
1245
1158
1202
214
1262
1525
1675
1968
1373
1735
1370
772
413
1299
1102
308
1468
737
1757
1293
1799
587
1995
1010
376
285
1836
829
1977
461
822
1222
1971
24
1788
1585
1902
1816
1553
1275
1903
1275
47
669
574
1501
1329
42
239
1086
1688
38
25
1683
1400
402
1968
1236
1231
297
49
405
1872
20
781
1660
1606
683
1828
1159
311
1732
787
710
753
1361
212
82
1404
803
1520
1092
1193
1546
775
594
300
1095
1830
1883
1392
232
288
1264
252
1069
1277
210
105
1105
1722
416
1189
509
1126
1942
1870
1338
24
1626
493
1545
1070
1687
1443
197
633
95
1292
815
1978
1037
1047
618
301
1652
39
1578
1862
144
1036
1584
560
225
93
1687
520
316
1377
896
1942
1871
793
1013
1910
588
1210
543
683
855
1358
1013
1892
758
1631
193
410
1671
124
272
1815
1512
1857
376
89
302
415
609
618
1792
1858
561
15
651
1926
1925
1592
1488
468
275
343
179
1289
235
1289
1272
781
1699
943
905
1971
1111
417
180
1839
858
835
254
1468
1453
46
1678
366
62
681
292
339
273
1781
808
901
124
1339
542
712
628
1814
1493
679
758
398
1002
221
1167
1183
60
25
18
314
1845
1823
712
1875
190
1126
557
834
1466
830
615
626
1731
1092
317
273
1804
945
440
1649
1624
1550
399
626
1771
1566
161
1831
1943
531
497
141
355
1209
16
897
688
573
1731
154
1756
699
1132
1839
143
1449
465
299
746
905
1948
722
455
347
1348
578
265
1862
761
560
745
1258
1053
1452
819
1422
349
1507
1995
433
1661
103
1484
1145
1943
1627
594
760
278
1340
1665
226
62
472
925
1763
1402
1542
1977
163
454
722
1421
1508
175
240
930
876
1748
1277
1661
1761
1381
1145
907
1676
1124
1501
436
1402
1194
453
1980
1608
1277
905
1371
679
799
1348
842
1254
423
615
762
598
855
44
1826
955
1321
1488
1069
1054
633
1976
730
1758
1829
1518
1512
1375
323
1493
984
1600
750
355
631
1550
56
1473
804
479
440
1918
1429
1296
1962
1607
603
1283
1095
1672
338
81
0
1420
191
182
939
1703
1557
1262
1196
541
1215
1947
1249
1846
1849
1305
1672
1005
136
112
923
1917
1760
885
1524
716
520
620
388
1210
701
741
631
1244
923
1922
947
480
1536
144
1022
751
443
271
950
292
1928
974
1297
64
1438
572
1981
1551
1809
1857
267
329
477
1007
1892
1530
1748
523
774
671
797
1722
1152
333
218
526
1437
1013
1149
739
1305
1077
65
954
1493
1503
1878
1826
1406
1687
1683
1673
368
513
1033
260
43
781
1135
1170
1805
1932
1244
1309
618
1814
1835
55
827
1336
1146
484
765
1211
1790
258
1066
1668
436
473
1355
119
146
1723
632
1531
1984
1028
313
1471
550
470
1404
146
1779
22
1960
1966
429
1139
1302
1927
1623
419
1138
1413
677
556
1433
1113
1029
788
1584
1528
863
569
1059
1199
1597
1724
671
499
194
75
645
325
449
605
291
1230
1744
1945
1157
1719
364
647
1484
1393
1203
917
858
585
57
443
113
920
1012
1524
120
961
1249
1143
1460
1795
1218
105
121
19
1062
764
1249
1158
710
758
1229
1074
1757
713
820
960
1630
1678
1897
39
473
10
959
1485
1887
1431
798
1488
574
258
1283
144
715
1756
163
129
521
1764
1287
1231
874
516
657
631
1581
1477
1944
1563
1508
1841
1602
1981
204
562
1819
91
345
617
1579
920
1228
1214
1416
1943
971
1580
425
1492
1696
64
1075
571
933
1732
1554
514
1562
1498
78
1422
1340
1680
1403
1544
594
1574
1987
940
192
1566
212
1420
1132
1628
1715
103
1560
492
1947
1609
557
1022
532
1490
1107
86
4
1021
1937
82
443
1629
115
198
1173
1061
1773
1512
353
317
1430
565
1737
562
546
1804
666
458
297
965
419
854
1988
951
696
1447
1390
700
820
1327
1135
1615
956
1602
1813
481
663
1938
1993
1017
255
1423
1934
344
1985
832
501
1003
1291
1150
321
1710
356
661
1014
1052
108
404
1752
928
1731
1239
543
1039
841
708
1520
1505
647
1865
874
1254
1640
808
1599
1625
1993
452
981
1284
1602
1302
1346
1958
315
360
1010
423
1116
1114
1703
1199
354
598
238
1547
1658
110
1404
305
327
278
1912
1967
1439
1863
1945
1432
315
1278
1068
1917
932
766
1875
1247
1479
1237
1670
595
351
1725
147
1057
675
737
605
333
848
361
991
1527
640
903
1495
431
766
1440
1863
1433
718
1283
1350
1650
49
1577
1249
1880
1166
919
476
1869
996
623
927
1671
1360
1884
4
560
245
995
88
1237
1898
1935
1668
1016
1727
1883
449
797
1518
151
447
1920
80
48
1800
1246
967
276
1116
315
1251
395
1986
964
631
1990
1876
1228
1338
316
466
1588
251
486
605
330
722
1406
1127
240
1910
1926
160
1990
1974
1961
1589
941
589
1057
1608
193
1452
1594
1157
83
1937
1385
1311
1627
1702
129
1215
305
968
172
636
1690
1931
1763
282
1841
1690
795
183
1664
1108
1772
958
1697
829
566
242
633
513
1751
1068
802
1137
732
429
1191
861
1996
1848
181
169
484
1871
100
600
506
293
642
1301
476
658
409
249
1616
458
1430
535
701
416
1400
452
1484
554
1941
216
983
1132
1430
979
981
1611
1500
1817
1835
1952
417
341
245
1411
1994
722
70
755
1323
38
1213
1105
925
266
1521
325
1071
1006
879
1012
1222
214
497
1004
1546
1830
616
1046
1999
451
999
769
1144
1244
180
1138
318
250
245
1993
289
1458
1099
1566
77
620
1892
1148
1978
1123
512
1553
1690
1361
557
1236
1191
1525
634
1191
328
1985
1960
1472
1582
492
962
1900
743
1207
246
1384
1018
1345
950
1447
317
1194
947
296
670
1459
1849
360
1173
758
1948
364
284
934
1907
612
920
219
437
502
712
1399
754
1807
959
1000
1191
329
345
493
1776
1015
1688
723
1311
358
534
1512
1070
1707
270
1018
424
554
304
683
1167
1224
903
1956
78
1967
1707
833
1774
666
185
965
1347
883
1458
1475
1898
1498
550
1209
1856
1085
721
1278
1144
991
648
1920
1898
953
604
1417
177
1507
1373
256
1474
1080
1441
1600
99
1626
917
1798
509
727
1274
407
226
1824
1968
434
1261
689
1713
758
33
361
678
283
1666
1282
1700
1844
1141
1425
452
967
505
1893
567
956
1871
1484
755
381
564
381
1140
790
557
1109
1576
1819
150
1289
929
535
3
1959
818
21
1242
870
1865
735
295
669
1703
801
914
622
109
786
459
864
1519
1023
1245
1011
1813
1803
120
1741
1974
623
1031
1255
1510
1386
1214
329
1407
456
1199
1625
1544
1847
646
1247
1000
1913
1869
1109
699
680
1974
570
1703
1571
1581
1868
1374
54
1610
1700
1029
993
955
539
731
170
1220
138
978
420
115
522
619
1114
121
1619
1027
343
728
78
1023
702
648
727
626
581
595
0
987
557
53
16
1550
1008
908
281
1530
128
772
509
900
1239
1031
1519
353
1505
1138
1380
1848
1867
1810
871
921
810
1950
1547
1392
898
1900
731
1455
1953
1100
1006
1313
8
1639
844
488
411
1705
1389
1651
1088
1260
356
593
399
1737
441
618
1547
1665
1539
710
1967
1439
102
865
1691
1185
673
1644
285
31
1309
645
1670
153
1134
82
1858
875
85
947
135
441
1892
886
530
334
1504
430
351
1396
1140
318
835
1594
1536
526
779
209
522
1417
240
1831
62
1910
337
1548
344
547
775
429
1846
1263
871
1739
149
1401
425
1654
1831
776
1050
1323
1446
237
917
982
763
1697
1191
1637
1114
1783
1820
1528
1694
509
1429
38
1057
556
820
1255
1819
1691
994
1969
1444
1771
1623
1628
899
1025
951
346
1262
221
1680
377
1918
1224
14
1384
1007
1834
1264
701
344
693
1092
1753
1602
1912
1008
1421
1955
355
1390
1751
478
1365
1731
1378
390
1035
76
1652
1256
108
29
1174
1332
395
910
340
230
174
1041
926
1220
485
1031
822
749
39
243
704
746
1634
808
1225
999
539
955
1742
1574
1383
1394
830
1491
1776
356
824
171
1266
1164
753
1441
557
31
661
1043
1062
1835
1792
1454
78
849
552
64
9
129
1416
548
1084
1158
475
819
904
1305
311
680
1662
1135
1204
1280
651
309
721
1208
341
1734
603
1755
1569
748
1561
0
1949
114
64
1958
243
1480
858
1680
990
1333
499
1895
991
810
927
653
297
483
1933
948
793
1007
509
1486
741
1112
1241
663
1860
803
663
161
917
727
119
1512
560
1330
1192
1550
663
1692
1797
1654
502
725
659
1152
1560
945
100
353
1952
609
1839
1045
1722
1433
60
1934
588
723
448
1505
1803
919
1369
715
249
562
617
913
606
767
919
1108
1844
1579
260
1404
524
713
1758
828
1322
1949
225
1396
1382
286
1683
1970
1361
131
1827
1516
1402
1197
583
1652
111
1201
917
717
1968
1836
177
1812
1415
790
1216
291
1503
1326
1471
1177
1276
49
926
1010
687
609
1333
48
1092
1160
1917
494
709
500
498
820
53
1415
1537
21
1252
67
185
1019
857
1754
1311
360
1432
1134
1889
1060
1183
815
71
1870
1776
1404
271
868
916
188
1715
1626
1040
213
798
1094
1629
688
1467
1233
755
5
252
1612
1759
1915
324
1543
1402
565
604
585
1381
675
808
1157
431
1079
378
1347
1619
445
1325
659
1010
124
105
991
812
1573
224
1567
1578
477
1531
1689
744
207
1232
146
772
188
1084
153
1215
1892
1663
1646
1323
393
1346
942
838
671
1953
1848
795
411
1192
1607
1984
1416
1526
1914
245
1057
1955
990
1264
1539
1488
37
1728
572
542
943
464
557
942
1787
950
288
1081
140
959
1387
1989
1755
1798
1181
1714
134
949
1241
48
1195
298
3
537
1915
1542
25
304
1622
598
846
566
1414
1404
1508
1554
354
148
987
495
1107
374
836
1214
524
369
929
658
1670
170
1058
1217
820
1413
1754
1087
956
132
1391
930
730
238
1496
496
1994
1356
50
700
1856
1038
1547
964
1764
735
178
289
1456
1459
1299
1127
1981
358
344
802
1771
99
241
1079
583
1633
10
1313
1871
1858
161
217
1567
212
917
1423
1602
817
739
1366
1552
1270
7
1009
729
1307
488
711
17
832
1865
140
1283
106
1572
1866
91
1934
1531
314
144
1693
531
1711
257
1801
1487
1859
618
578
1577
522
1848
1585
1531
930
1244
19
1641
1613
1204
1858
105
487
316
1677
706
408
1611
237
722
1756
282
1606
1819
539
1407
1658
750
377
237
328
899
85
265
783
1015
1861
1154
1008
1474
358
1218
1579
1198
1887
1609
1904
647
1572
493
1369
1328
1128
1327
1500
1667
1086
1510
418
1463
1747
1098
715
185
1715
1498
1552
1576
652
913
1402
1363
131
1333
913
370
1294
817
1017
867
1662
739
195
790
66
47
810
1153
1558
1580
968
1657
1030
1683
1842
745
1181
1395
673
186
660
75
1549
1143
1760
462
1514
1055
1631
531
1922
1645
1270
469
788
1689
517
1598
1194
427
1178
162
84
560
1846
279
1305
1379
26
1978
1917
686
405
1818
1829
165
280
1343
1220
263
227
1494
261
1849
1964
1049
1538
833
999
1084
1612
529
1247
1696
1089
1445
327
394
1176
353
372
1094
1391
777
912
1221
1294
1545
916
515
160
1495
361
421
1345
325
1822
1235
1510
821
320
1122
1350
1567
819
439
1364
1498
1185
540
1852
1909
1986
1243
686
899
816
333
796
85
1200
956
1580
1561
1378
925
1887
1552
161
1397
374
833
520
76
400
1691
516
116
1189
1701
1008
1393
1963
995
989
649
1894
1805
982
690
242
182
1998
1823
96
1728
1100
1983
1281
1613
1732
7
446
604
83
1198
295
599
1666
1837
653
675
1230
616
1670
571
1617
1916
377
952
958
971
1486
956
1146
1582
685
599
1917
318
564
2
325
1011
606
408
561
1254
1360
228
1091
365
903
673
1333
573
1245
1302
841
1974
606
1799
1297
93
755
444
27
1792
1043
297
110
1607
299
435
970
1257
1196
1884
511
556
112
1954
1273
1367
628
606
292
225
1908
1133
551
867
932
1848
960
1687
292
1339
1832
1687
1988
1942
1647
287
730
617
1897
278
501
408
1186
965
363
459
332
1343
1065
624
1920
1325
1757
471
192
1041
671
1504
1081
964
1196
913
1003
1184
1207
650
1824
1937
1268
1721
567
121
481
1753
1087
1196
212
1771
539
1629
748
811
1307
505
1634
1851
1899
306
1356
980
1622
904
1893
625
440
1100
1276
264
1390
896
337
1957
1017
819
63
456
15
275
228
907
1905
976
70
1212
1833
1705
1415
1732
11
771
1064
1985
27
957
610
468
410
1886
1084
152
782
1422
461
152
593
524
608
608
1152
1188
1867
1057
516
290
621
350
1995
36
434
358
1160
1499
343
1187
808
953
7
1570
1192
1092
1722
326
514
536
830
1107
1060
1439
67
212
979
287
1621
1496
577
594
198
924
983
632
1282
143
483
1625
1682
1292
930
1690
862
474
1134
585
801
1648
1473
1631
1107
533
1422
1526
1098
754
165
719
250
742
1666
448
18
649
1432
1300
1144
1916
1277
1178
1208
560
868
422
1034
354
1359
187
2
832
1819
1461
1718
1593
1340
816
699
1505
1887
949
600
1553
1749
618
202
1534
1919
1698
1450
1548
877
1010
108
97
1432
1143
452
1144
1330
806
1976
1501
268
1694
1447
1608
862
146
1465
750
1448
65
303
1197
684
858
731
955
908
533
503
1785
1543
612
1883
1328
107
335
472
1789
1141
800
1291
1761
847
1090
1721
1709
1588
1187
459
1036
1252
1115
586
1936
325
1669
891
1233
203
1747
1371
98
711
1254
1426
818
1941
250
607
1434
1403
250
1196
250
1692
917
1959
1281
104
419
317
1709
1886
903
1997
211
573
889
1796
1128
988
1167
1226
1699
773
1005
517
714
1255
1476
501
1010
79
1697
1260
1771
966
1220
1052
1423
1991
1722
1132
229
625
1129
792
1550
370
588
678
1710
108
1905
1409
881
910
278
1948
517
107
449
1528
186
498
1140
1957
1816
712
1362
1591
1055
1084
1075
1284
1709
205
76
1612
927
1017
290
990
1125
547
399
358
1457
1030
658
327
1137
1107
207
1323
1957
1347
1632
1774
412
994
1717
1467
430
793
1104
492
1350
1180
104
277
549
746
1619
26
1294
19
385
751
1401
1043
1430
538
503
1637
213
812
1337
197
938
1749
1544
656
1568
1974
1449
672
466
799
205
570
1428
754
1317
1048
781
963
1419
1518
1714
820
913
1497
1710
1416
1486
1923
229
1175
472
1167
924
16
1823
845
1991
1624
1517
457
423
1722
1380
1852
829
1049
1252
1962
12
671
1480
78
1491
393
1575
1553
162
1414
1476
743
589
1948
262
1866
317
438
711
308
62
580
1117
838
655
497
690
1484
1898
1942
1446
1910
965
1278
341
456
23
268
361
537
1682
1837
1280
272
137
1543
138
806
333
1201
1114
395
1781
232
1233
436
1081
275
1920
980
569
1718
1242
1534
1348
1583
342
1372
1852
703
261
1534
892
1542
158
1382
1437
648
188
122
1849
1303
517
1631
1887
103
67
968
730
340
300
1300
410
1543
1186
1759
1478
1529
1483
1682
584
1744
1569
1477
1638
1727
1211
1427
376
1399
1549
225
1054
419
208
1293
522
628
262
1604
968
914
904
1730
809
91
1489
288
1972
1324
1970
556
1421
1539
385
1059
1619
1596
839
1995
1348
740
572
402
1159
1133
48
33
1761
310
1638
1081
1576
542
811
386
985
653
1026
957
1977
1348
1866
1398
888
251
810
507
1848
1
854
1196
741
1778
1950
1901
1263
1998
286
1024
660
1924
457
589
819
1269
975
156
274
353
1466
251
1701
1332
2
589
1583
1164
1448
1431
1165
654
979
258
785
1282
511
48
1280
798
1073
293
1074
1882
882
245
1151
209
402
1425
562
1868
29
263
1200
383
1205
783
1547
1005
567
1064
1660
1898
1322
445
1180
1834
845
813
632
270
1106
58
153
340
304
1304
549
706
1082
1111
926
1463
1726
126
1846
931
1261
1745
1937
180
809
1949
79
483
746
1259
317
1591
72
1301
1862
1178
1712
367
1518
16
1671
419
1074
1105
1882
0
568
1609
478
766
892
91
511
829
272
1320
1130
351
156
1876
1610
825
1820
1683
127
34
1213
1839
401
1084
207
424
1503
1281
1882
1386
1633
450
1347
111
1569
239
202
80
1421
474
1753
551
825
1909
780
788
734
600
471
1213
986
36
1404
1387
1472
1611
163
976
1244
45
714
877
848
413
1340
417
652
1895
849
73
721
602
977
1899
863
1757
687
1598
709
1510
1163
1695
1546
568
1434
1019
531
1949
347
128
1995
1413
1005
1195
1826
698
1612
478
945
461
904
1666
1416
1881
1565
279
1990
252
229
699
1762
1393
746
1661
313
532
680
1196
481
1379
1324
828
792
682
23
970
1380
1635
1800
325
449
704
343
217
937
1909
496
927
513
1078
1626
276
471
724
289
1136
1256
1321
332
90
700
1657
918
1844
691
942
814
71
929
614
748
1730
1671
1091
1947
608
1352
796
1536
1866
1874
1514
494
697
239
783
1833
1847
104
165
289
1156
174
1208
1000
865
502
166
1288
1431
780
388
1514
451
1832
1461
1412
1536
257
948
1402
131
462
1896
828
1053
1031
1013
1253
1487
1531
1542
643
1705
1102
1995
923
1604
161
563
1388
1294
1304
902
97
1488
363
1509
1024
973
457
427
1104
1272
675
285
677
59
1298
1930
1546
829
1825
542
887
927
537
162
532
1051
725
1920
345
381
822
794
1869
1537
304
894
510
1113
1673
1967
737
348
252
1415
759
1902
1697
306
732
1522
848
1971
802
1737
133
1334
788
1210
1606
1485
1592
780
280
1461
317
936
355
1180
401
28
1147
1139
729
1751
906
1840
1653
603
146
737
478
1346
708
1280
1084
841
966
224
52
572
1710
1644
1704
342
1457
373
1630
165
1553
31
545
1052
1170
1274
803
76
1467
809
1032
1613
1546
1510
1312
607
790
748
1448
108
972
1852
1032
1034
1848
736
1728
1306
1461
1358
1471
1015
1390
368
419
912
1995
1575
1341
1462
384
373
1075
282
1883
739
889
1025
1487
690
1485
460
542
517
1846
743
1605
1575
49
1066
1285
1872
433
1027
592
853
1940
587
428
1281
49
1164
1654
1477
1798
1889
216
688
1266
1704
1378
1103
516
272
1620
362
1015
1225
289
1416
291
1927
1640
1077
954
233
1930
894
820
710
527
870
226
533
347
24
422
915
712
40
619
442
1143
1135
715
1115
1850
82
340
491
1499
984
418
1491
61
1725
1724
343
619
897
1405
1499
119
1631
32
818
1655
807
1733
720
847
353
1162
343
1840
229
1458
42
312
151
534
163
1487
1304
1654
1900
1029
1731
243
1
980
0
1500
1099
1631
1532
1917
1286
339
2
6
1539
707
1521
234
548
1750
44
590
414
547
1476
577
386
1133
584
286
162
315
881
515
1295
881
15
746
512
1900
1015
151
591
1017
509
482
1725
30
716
625
133
1113
1215
547
1660
1044
1477
47
177
61
685
691
728
1567
1207
375
800
1574
1121
1313
1474
136
1816
418
1153
677
900
1230
708
1969
1855
1193
1434
1423
92
1446
467
1921
1493
996
1982
531
1687
710
98
894
1437
1250
821
558
563
647
694
731
1065
200
1409
318
1430
469
639
1286
14
73
1061
106
1519
1528
28
1365
876
362
1896
563
1425
346
1810
862
1596
631
1421
512
1278
467
1243
696
667
1004
1014
450
1473
1653
1736
1487
78
1149
1946
1597
1029
326
962
1905
688
858
468
113
1204
278
1328
1153
1261
749
1665
892
1568
908
1588
236
265
954
686
1738
607
774
1578
685
1923
1876
634
952
202
1597
857
890
807
1677
1356
12
1956
1036
1165
1569
1785
1182
461
1705
442
49
1941
707
1003
979
798
1962
1753
376
999
28
252
1634
980
806
1231
189
48
38
1867
1404
402
175
440
1919
1744
577
1101
206
283
1544
255
576
603
1611
1556
1401
1573
1661
129
573
1690
733
559
670
1539
1790
1212
1588
180
1079
1344
583
1254
137
854
998
1066
308
1556
1701
1852
164
278
807
1775
186
209
1700
1847
338
625
1537
1072
1184
560
611
1326
1772
551
1507
851
1896
442
457
385
1648
1807
1451
1956
1364
1153
160
1528
1783
968
1655
1969
1177
1355
1816
1867
333
1354
939
1517
266
1903
1196
38
806
703
889
702
1497
1698
1439
1145
1505
891
1102
869
44
1262
749
1827
582
404
148
1759
112
1964
1627
445
1670
918
314
1936
821
1510
326
1628
565
1215
682
414
913
122
1560
419
1365
1014
1640
1761
628
390
1940
1211
794
88
1322
1258
404
949
1703
427
1868
370
363
1041
232
1042
1021
1150
609
56
1564
1523
530
1476
294
1895
490
286
1656
1471
676
1596
1034
1823
36
356
1081
440
1306
1137
867
1526
1859
1583
919
91
625
293
1241
1234
701
1158
1109
1231
634
1755
1478
1477
394
1486
948
1070
1434
1982
1245
1470
338
679
262
1996
168
1482
1874
27
1065
1146
470
42
1791
64
1628
492
1222
1090
1723
1856
845
1553
1333
1591
1039
633
662
825
615
259
295
1306
938
909
1654
1106
391
1881
1485
1808
1027
1956
1850
818
20
1831
1662
1594
921
1737
1450
118
1290
1136
1710
681
1769
724
1506
737
983
153
395
274
1414
49
1732
1806
282
1570
1614
1309
1526
1817
479
1898
1648
141
1492
921
230
1294
1391
1520
430
1101
553
552
177
411
1289
1513
916
1684
1787
331
85
1871
137
368
1441
103
29
1319
272
861
1569
1920
1354
1061
1193
1585
708
585
1457
1138
38
11
1690
216
422
1331
1729
1339
1367
1868
22
1453
91
159
173
1533
614
554
1204
887
1415
1126
1159
770
187
353
707
1247
1290
164
386
1328
527
428
1544
950
112
1625
641
1479
1493
1015
1284
1937
1526
1809
1470
140
364
1026
1379
1779
152
539
901
692
1244
1608
1939
886
125
677
214
652
1458
111
1954
1570
1736
595
1401
1582
1962
1038
1519
1488
847
1341
1629
1211
719
1360
1343
1224
1899
244
1916
1495
205
207
381
330
1237
596
982
695
1059
937
617
1147
1884
370
1081
1847
1408
952
1687
256
293
1668
1819
1365
1029
1162
589
928
1759
857
776
1964
1064
1157
646
653
105
1980
1348
1164
917
317
312
1154
688
1745
1353
448
698
1040
704
1343
709
524
708
1738
38
1297
1018
1797
506
1794
113
1571
952
759
576
1057
740
1925
574
9
594
1238
1515
1634
983
868
83
33
261
1139
1377
970
15
85
1060
54
1735
78
203
241
225
317
164
1177
1428
741
586
520
1018
1512
882
1964
1102
397
1599
86
1618
34
119
1879
1173
1848
1201
1189
1934
261
1243
21
691
1798
614
916
467
1131
445
248
224
1384
1120
1594
896
2
1558
1999
752
1509
437
370
1543
908
249
717
757
1450
1906
1043
1711
1501
1064
754
1651
30
1671
119
1161
116
367
1385
1852
1487
979
749
1842
890
1100
594
399
1889
964
1943
797
1565
660
1906
1015
918
949
1078
771
365
1832
422
748
1855
541
1909
1972
1260
1647
176
1100
978
925
942
1868
377
1536
268
618
500
211
1768
65
1223
1674
1432
141
976
862
912
1693
694
1686
441
550
228
703
874
1840
350
1050
940
1328
328
1882
1549
1057
1418
1817
1676
270
380
1796
687
1603
1470
119
96
798
1333
1360
492
28
1046
1285
930
1626
1988
156
1467
690
1558
407
19
238
290
1920
1296
60
1737
1324
331
117
1120
1370
72
942
1842
520
1741
1175
1880
585
1555
1278
222
485
1257
211
993
724
901
552
1483
1272
790
1773
1192
438
186
1281
114
869
1750
1586
239
174
529
81
694
622
1257
926
1207
812
557
1429
1650
1814
1992
643
890
1246
1547
373
870
690
499
415
1128
685
1696
1595
1554
1447
1181
1793
1973
1710
227
668
684
1484
1946
243
648
503
25
298
669
17
1294
1559
1615
841
1933
486
1531
432
901
1012
1469
597
607
1375
396
1788
1168
722
1851
1747
1390
535
1231
1688
1131
232
192
1156
530
861
1525
1824
773
1141
666
706
1627
549
1490
528
1561
1311
1477
168
686
226
309
206
948
160
1954
690
1047
1537
378
178
1769
922
1334
300
136
860
476
909
353
1494
1615
1980
44
1457
860
1605
768
689
126
1454
915
435
12
215
947
1966
905
346
1504
1284
525
1273
558
211
1925
694
1423
754
1603
1776
248
1570
108
644
1027
968
250
147
1658
728
1953
925
1515
1966
1141
462
1932
398
1160
1788
34
37
1414
593
249
1339
1287
24
445
891
153
694
813
261
1338
1841
1582
1940
340
1240
1020
294
517
535
260
1658
1349
544
409
510
685
443
547
99
1036
1148
1790
676
1525
236
1567
1678
1282
380
1939
620
573
1521
913
914
1113
1933
1560
1631
821
1820
1641
170
716
50
1032
1401
494
1580
1500
1882
1080
1643
558
605
1879
477
283
1161
1210
575
133
1783
448
1046
1049
1562
1332
609
1545
153
781
1538
675
1498
1941
1708
1251
435
1640
1104
669
720
747
1228
1678
978
57
313
139
1267
888
624
1403
1689
23
452
1603
1355
1414
1500
1860
195
1038
535
45
979
243
1649
1766
1883
753
436
956
1852
16
634
830
73
947
969
1341
188
1945
744
1877
1968
1548
1832
1323
1314
1332
1535
1862
370
71
1907
1350
666
1908
1468
902
661
1904
1858
513
272
844
1695
346
1791
664
1687
331
610
783
560
930
683
392
254
1998
1724
141
1860
95
212
119
1797
879
28
1617
1781
1041
1522
1991
1907
1794
835
1602
492
978
619
531
1310
1581
1314
222
511
350
615
1117
348
339
1259
560
786
1823
679
935
1054
1059
553
1187
453
427
1178
360
573
365
314
1066
1344
1285
1597
1006
866
1264
1228
1730
1614
1843
1199
314
535
810
874
1673
634
1905
609
1688
965
1514
1228
1418
1941
406
130
866
772
796
1932
468
82
1530
1474
1300
1146
1054
1382
760
898
582
1074
1785
1392
300
1458
378
205
419
67
1522
1933
1647
1292
226
53
1774
1093
1177
571
1025
1997
1005
907
1823
305
53
878
1688
1165
1776
622
591
1561
14
891
1019
393
1449
1791
812
971
1724
459
616
1951
864
390
1396
394
1313
421
391
318
1681
215
624
86
1093
664
1252
1221
1286
195
782
1652
1087
153
45
888
1944
1209
211
21
1668
827
324
885
1218
1720
1279
531
493
1670
1202
174
1885
178
613
1330
842
1865
551
480
60
1685
132
1499
191
530
739
487
1739
951
508
1760
1778
1184
645
1348
904
1924
232
1398
1946
1434
1924
184
1612
537
1514
454
754
418
1286
1167
455
1770
666
646
652
1406
1486
744
709
1994
504
487
1531
1501
1836
435
1777
68
1833
1723
1854
110
1907
1466
647
1774
272
1402
544
1558
569
999
1680
1587
1998
333
1345
1484
1077
54
1830
1581
894
1361
1434
1082
1797
1211
1150
1982
1286
1356
92
1546
822
1092
1320
1094
494
216
1004
1415
1215
684
1354
1213
1017
700
1049
94
1106
880
27
0
241
1461
1082
390
672
584
725
1959
1940
817
1857
1114
261
1177
208
1107
1745
1212
522
960
249
229
526
1266
1281
1575
1361
387
807
1388
740
1401
1202
1822
1791
226
759
516
537
1051
1686
394
166
1947
1923
374
1407
1668
1939
1929
629
188
510
1507
1454
1791
1434
1167
179
242
908
919
1643
110
1093
1786
688
1852
655
1226
904
693
1620
1422
640
1544
1796
399
1212
87
681
193
275
1191
1700
82
983
1135
1249
1514
1377
509
433
1372
971
1878
1158
1660
83
1813
886
1339
506
506
761
1499
402
557
1898
1615
997
579
160
1272
123
1861
1354
1106
1348
956
620
725
1817
1405
449
789
1635
1607
449
1718
1773
1687
1057
631
545
1818
482
948
728
733
915
1725
1664
1075
1349
1787
1288
1056
1245
636
364
217
1713
181
1622
162
1322
1610
122
123
1328
1895
1810
738
878
708
908
1361
8
1636
446
1275
1713
110
350
1063
250
1991
471
1495
627
835
1713
341
1368
1687
855
691
1297
977
814
626
1224
977
1716
455
1685
624
168
45
261
614
1320
326
724
22
1741
1326
13
212
822
993
1047
535
1686
416
222
541
1459
1872
1871
273
498
1095
1602
566
1550
1287
1190
70
1332
1451
684
1004
130
1761
1027
1871
1087
1040
84
1909
33
1483
796
1719
251
1371
613
1710
1243
484
1984
93
1931
1938
659
1834
1226
1849
1904
910
1653
941
267
1783
702
1294
6
141
334
442
51
720
1926
1199
791
177
570
1756
1888
165
240
224
258
524
162
917
358
1740
1119
614
1003
772
1555
1270
907
257
916
1265
399
1250
1708
802
322
1634
353
1466
163
924
1222
51
1089
1815
627
1700
339
1142
969
1049
1234
88
1663
237
1212
1219
1859
471
1828
775
1737
579
378
1445
1733
1052
1431
87
518
1594
1363
1741
1998
804
1908
625
856
247
119
1826
1296
1354
1914
959
1943
1479
530
155
302
711
1282
39
1642
1660
1836
1376
1065
1267
1815
1583
862
1530
1676
860
686
1584
1837
1543
183
1957
1369
1479
1663
1635
791
1958
1466
1673
113
1769
736
1396
1808
379
1408
1645
107
473
912
274
409
126
1804
437
986
490
374
1176
385
557
1133
1754
37
1148
1742
1180
1106
1208
853
1220
977
1590
968
1138
321
376
783
428
850
47
702
1611
174
858
48
1512
1700
422
688
86
980
173
1840
1369
1321
1934
901
428
1143
106
0
120
48
968
1258
369
1344
393
1149
546
793
203
157
1319
1061
558
1183
762
1332
1872
848
664
397
1040
385
1719
975
1286
499
118
1745
499
590
1793
1819
201
515
1163
946
1664
62
1739
1868
571
1058
1281
1129
242
43
462
466
1243
1478
1215
636
1864
934
1611
1502
1785
81
1247
636
1023
1041
455
1224
1908
1971
523
1924
33
262
144
604
1673
1426
86
267
1821
900
1085
1065
378
300
53
242
1587
1664
97
1372
97
1344
361
1472
737
816
1049
645
787
1572
570
1172
1834
714
1777
1859
492
1863
126
314
763
1211
1731
1493
1864
1784
88
1451
1800
185
1175
249
1529
1536
1721
267
705
770
1264
1844
342
186
1017
529
1253
1146
388
1745
1361
867
59
476
430
142
1969
294
1926
57
97
78
242
1273
327
124
1161
49
743
1866
819
7
1711
1514
194
1080
395
1447
226
1135
1544
1587
2
1956
63
785
98
384
1431
377
442
1529
455
1036
802
783
1160
1963
1184
255
182
355
263
245
1869
809
1325
264
608
1903
1400
152
1490
1754
460
1905
891
911
641
323
1288
1083
1852
95
472
1006
1230
1984
1321
414
240
1503
770
855
1748
991
1664
1073
1256
624
1328
1008
776
1170
1114
1589
1075
6
500
1717
681
1788
1152
533
235
1976
1539
1466
1961
1212
1880
553
716
650
1408
816
1642
1072
1890
1250
48
1570
610
1176
741
76
765
168
82
1265
237
763
1405
1390
1648
1641
1718
1539
1107
1679
752
1339
232
1820
1990
1992
636
1984
1416
878
1586
1464
449
548
641
1190
624
1406
1358
1059
672
1596
1822
429
1338
1823
70
1056
1714
1177
1088
466
517
1672
638
859
1665
1275
1195
1081
153
1133
546
602
1681
1539
144
305
945
1855
1364
1969
1451
1539
399
1141
1362
469
549
1076
1999
1637
1895
868
1662
533
1727
1679
160
1274
760
314
407
1658
1268
88
1197
1765
393
495
1620
110
464
1423
1649
863
564
1363
1333
1465
791
1684
1455
1038
552
1117
1924
279
796
84
1905
1908
750
312
1567
19
752
1116
1784
1497
1611
1404
1607
76
1179
1608
1291
1743
971
624
1208
115
308
663
1153
1212
132
1077
1843
928
1514
1748
1189
264
412
1108
635
1164
224
419
662
188
175
621
264
1354
230
1555
1449
1553
532
1010
1668
1192
25
1174
405
158
251
248
1438
117
1997
627
382
409
1735
1017
1926
312
1789
588
500
316
1209
1116
23
1439
671
1824
993
1555
834
1013
748
1212
187
1505
1722
791
1753
1160
908
102
140
1642
512
227
1012
790
539
801
1378
1391
1469
939
507
1492
731
1531
1669
76
1086
503
1089
1834
67
1277
1339
1789
420
1445
950
1328
1547
1442
1323
411
1669
335
1201
561
1136
931
1952
957
1871
812
802
602
343
471
678
1429
1326
119
1616
1394
1748
1307
1183
168
752
485
1849
652
1927
1172
1415
1949
1507
617
862
995
1900
1166
1952
1771
1978
754
725
321
1577
1755
103
904
1875
1719
298
1975
1026
1481
144
131
1967
1993
1135
246
1517
550
195
1024
1167
1057
19
1068
224
323
1191
554
1430
269
876
1007
24
979
1911
251
1050
561
227
428
395
723
911
714
1068
46
960
585
597
1508
1609
116
565
1980
1536
1141
655
728
1696
85
997
924
1445
1373
255
1708
1977
1657
270
204
85
665
1279
1349
1379
347
1395
691
932
1992
199
893
109
1117
1225
1997
610
232
725
306
318
74
1582
115
1800
189
1823
1777
1846
445
1981
284
1462
1612
1633
1193
1959
1028
1885
1243
1373
84
136
1834
1553
1713
1831
164
1945
909
822
615
983
757
730
1135
946
906
912
1145
1703
1245
1429
1166
857
1062
359
816
442
596
411
167
1033
547
1
586
612
1833
1102
558
1094
1925
1525
429
682
608
1565
1628
1514
477
773
1217
1723
554
735
932
1968
1095
101
411
43
512
578
1076
1412
932
15
24
1117
1117
934
211
1042
460
640
1724
1068
205
1705
934
1035
830
151
1110
1385
1239
42
1353
334
143
116
729
656
1047
1806
420
1979
173
444
1096
1290
1379
1307
333
191
299
409
1259
857
466
545
1892
1649
696
1354
1034
1935
1396
739
621
1892
1208
1703
900
255
1509
1320
586
1682
116
1682
1324
1847
1341
1657
38
1992
419
1649
849
1237
194
1093
886
1243
447
272
1530
196
1364
504
440
572
207
1692
1179
1716
1012
1765
1750
1480
1799
1074
1328
1492
1084
1366
1484
1855
1368
686
1092
1914
131
331
1157
579
603
688
1127
1967
1544
1567
891
1751
1611
70
1819
623
1835
1921
103
1986
995
1783
1478
431
1502
1315
638
870
1
83
784
132
414
294
1063
1369
1334
542
1337
878
461
580
629
72
651
800
1047
838
721
1503
825
68
1286
655
500
788
1970
1490
10
323
1573
1147
808
339
1441
223
1709
1127
766
1398
5
1579
1978
986
1652
981
1786
699
1820
507
202
997
927
1841
1652
1779
629
1975
1270
640
650
1195
1787
1458
1535
1580
34
1596
707
1152
1346
1064
731
1324
402
735
658
188
1787
478
1047
1989
1475
1974
1830
1479
106
812
1454
1376
1804
457
571
1943
267
458
1523
301
406
582
1805
1752
1998
537
1429
400
1624
87
588
1411
565
1987
1401
392
313
1583
223
419
747
30
147
551
487
1071
494
754
1529
369
1408
1936
1303
1213
40
1301
102
1469
1701
1727
1556
641
1138
473
980
891
1217
1294
827
1441
65
1574
1471
213
478
1958
1284
1324
1064
1165
46
472
1453
1349
1686
1494
1003
140
1315
704
1867
872
1346
1358
1697
326
249
915
1972
1428
356
38
1355
1827
603
1833
137
1887
1157
1201
1404
1555
1674
858
905
1712
704
1908
1852
19
964
72
1243
662
1430
941
1341
31
1856
1313
1812
564
1703
1167
391
306
1000
880
545
509
81
302
65
107
1512
1322
1819
216
1582
24
587
546
448
1831
1561
230
772
902
613
980
567
425
1544
271
1592
287
929
944
1167
1827
1454
1248
481
1871
1356
1993
1545
1527
561
1479
1551
1148
25
351
979
1938
581
103
840
1195
1083
1408
1620
979
31
1565
1266
1312
509
433
1491
315
34
324
538
1742
317
83
1269
1230
1562
1173
379
1940
1524
1710
1878
458
166
1071
1653
1601
479
1625
581
862
1190
199
526
1700
985
370
367
1019
694
906
1113
1364
989
382
594
904
1907
1325
844
1432
1036
1074
242
1554
145
1895
1155
976
1872
1736
190
1415
288
717
1115
1273
1087
1482
644
1781
740
1757
1145
1730
491
92
986
399
1417
182
183
453
1256
425
7
1754
672
1515
730
544
1603
921
1959
1891
1990
1426
1164
1077
1261
160
1210
1
269
708
83
761
800
1069
1160
217
1603
1343
1023
860
120
1382
966
792
897
1696
1336
501
969
1648
744
959
1426
1909
388
687
421
1599
1041
691
659
1476
1452
1459
898
964
28
501
659
1051
1713
779
434
679
1571
1683
728
1259
536
1697
1259
1281
1009
686
1542
1397
1725
1963
1348
1118
654
7
595
458
1818
1493
1422
1847
346
81
1250
60
1212
36
739
783
1720
1467
395
256
1517
1654
1889
526
340
1431
275
418
1395
1624
1536
401
1983
131
1212
1802
1976
634
1
323
1068
1251
383
280
1640
1474
1416
1712
1294
1811
320
811
1465
210
1689
158
1641
1964
576
1036
1940
112
1790
1924
596
1002
78
572
1988
79
1247
1408
1682
1630
1689
1674
1457
1457
1386
751
1268
59
1914
1085
269
1603
1595
1910
1919
171
1299
1860
636
1441
136
1584
443
566
508
431
645
1756
1840
679
1386
1881
706
843
1338
92
1946
958
151
1860
395
772
1815
1991
1035
1735
514
334
1947
1150
127
83
1086
570
649
1595
1353
1646
1351
1193
677
1089
1426
1383
1933
1116
1828
231
74
331
92
822
1456
1907
813
491
1994
1327
1177
1941
830
1304
376
1916
1874
1377
1511
1579
1375
862
1125
53
1952
551
1788
237
20
1968
468
94
652
560
1268
108
820
81
599
814
1409
1776
756
239
1432
1484
155
1658
862
1667
1237
237
881
362
642
833
1266
431
1070
1286
751
1891
1732
1403
803
1001
1511
1623
1082
462
438
843
590
1546
1434
22
1030
1590
1680
244
1609
1270
482
490
1984
1124
1676
1250
1907
1098
888
659
989
621
414
1793
1974
1926
1768
1408
740
558
252
1331
456
1686
1353
1487
1628
1386
1731
1589
1008
565
432
992
42
108
243
301
1206
1483
960
548
104
1727
693
430
5
461
1839
745
1020
91
76
1476
129
1782
1315
110
1520
1399
1699
528
316
131
1520
358
591
115
660
1798
1599
1972
698
55
1699
1391
486
1704
1852
677
802
1224
768
1230
701
1249
1012
368
1711
884
1767
1411
1412
84
1894
1285
794
486
1752
1454
636
1703
1779
1334
111
1478
725
597
1535
929
1274
337
154
394
1567
1207
1995
932
1575
1707
1816
1695
1470
1581
131
1364
1218
925
1850
970
732
838
1026
511
172
1137
341
897
86
1876
1827
1712
565
333
458
485
1540
453
1769
1467
512
1937
1162
1982
1518
1645
1699
1088
923
1549
59
1655
388
1437
518
912
574
1211
1810
1012
1440
1989
724
5
322
1182
842
214
1987
611
1681
500
549
844
834
419
841
533
1508
1764
435
1919
1771
823
1708
641
87
282
1853
249
1294
1293
238
370
1650
912
1552
845
1126
1891
1456
1160
391
357
356
1226
1129
1197
111
989
962
546
1260
1085
1721
968
1727
1809
1250
1580
58
896
1225
649
1266
875
1561
1170
1720
1040
1061
1529
552
1805
238
908
1383
1719
105
1494
708
1419
41
1968
505
114
936
584
1923
538
516
1982
1786
1741
983
1052
968
896
574
689
1936
1988
570
840
1793
808
1748
1528
528
1854
1374
1588
1625
1767
1557
482
1882
845
1066
1805
1384
1582
139
1170
1323
1122
575
292
19
1501
1333
307
1489
1903
1148
1634
1063
896
1514
1943
1102
889
1532
728
656
1441
1562
890
286
629
696
22
563
1187
1545
1887
310
472
531
681
1973
216
988
1815
471
488
1801
1534
1737
1316
1830
839
557
1714
1919
1565
1155
1482
456
1793
463
1504
168
1026
691
1713
1265
1353
185
148
34
510
364
1375
677
835
215
479
722
1952
147
552
1144
1056
618
1063
621
125
897
1429
270
1712
933
438
1091
1625
503
356
1330
688
505
1365
1551
1221
1092
228
57
1307
1059
1131
1260
1206
35
404
614
653
1819
1236
778
1069
665
1400
1133
1951
1839
224
1928
342
933
1258
1383
1438
623
1286
659
67
1514
1068
1375
926
199
987
132
234
1743
1099
1239
1914
335
369
983
1352
1770
469
1655
1609
693
1583
303
1626
842
38
1416
1817
1324
428
1885
1191
1848
1260
117
48
247
601
634
342
1700
1874
256
387
595
1240
1740
365
61
1395
326
754
1331
630
733
173
1020
149
1990
345
929
1875
1536
778
1487
5
1178
86
606
1812
428
307
38
685
694
634
277
786
1351
690
534
1678
1444
1865
660
529
38
1680
679
380
25
1960
608
1913
738
447
1918
1916
534
525
81
1314
1184
471
351
1878
1457
980
665
809
1670
1199
839
1467
1416
1499
1996
1806
1179
1027
186
1557
988
1146
1822
1726
1594
1741
1995
480
618
76
1794
1802
547
498
32
5
1478
697
814
1501
248
5
968
1664
1504
1316
1822
1035
344
9
944
1332
1507
767
1058
1101
860
1053
1933
1830
1481
80
1632
29
578
16
386
408
714
1552
261
1314
1557
1229
1331
1061
546
1153
448
1242
1514
1393
574
1022
512
1984
475
1372
1390
409
1202
871
489
1186
1252
1067
1202
1638
1827
268
1190
89
1583
1099
1670
1266
160
568
419
961
1810
286
354
384
1308
1218
721
135
590
111
544
144
1334
1385
1330
587
452
884
577
632
1153
120
721
1088
1219
743
354
1732
1312
1125
693
1122
1763
1399
1859
1423
617
932
1559
1559
1043
455
1703
729
1841
1385
1668
293
269
598
1277
1774
718
350
1214
1937
1094
1920
21
406
1398
1066
1528
1161
465
1739
585
1434
671
144
993
66
599
1048
796
440
785
816
1086
1407
1414
715
1533
484
1066
748
774
160
668
795
566
66
1862
446
1228
679
186
165
114
1209
661
1459
1276
1260
860
424
53
1645
1592
1491
1404
1007
206
938
1491
1272
1686
265
1432
706
1413
350
773
1275
797
353
1954
983
870
420
544
1531
232
1820
1143
1092
596
1548
1089
189
1039
494
1196
1246
1784
1039
870
1470
1657
655
528
1422
1005
1653
697
1802
358
1003
1137
1228
1776
1682
759
8
1502
255
1452
99
1803
541
640
843
1387
1836
441
1171
1227
1663
993
884
318
1522
658
1324
1175
1355
1478
1534
711
616
1114
839
650
226
847
504
481
299
955
284
1192
1595
1479
932
1431
272
103
1011
288
1449
247
606
971
906
282
498
613
1761
384
1324
729
1499
163
1379
77
1362
235
558
13
1191
1194
1558
786
1026
490
570
1650
945
1581
1938
394
1828
897
1717
1086
1179
216
1700
1292
600
1376
373
451
1892
104
528
1254
340
1438
1620
1531
633
1178
317
11
20
1239
1661
965
820
1600
1360
1001
497
1429
87
28
1645
139
1321
598
1516
1694
1401
1408
151
1930
1014
491
1720
986
22
353
516
691
716
536
1931
378
1854
751
330
1566
104
827
995
544
1207
641
683
528
1591
551
575
992
1959
726
1274
1326
1217
995
312
1591
1700
829
282
417
1717
213
795
1571
1317
1125
1489
1421
304
485
1965
1511
1478
1001
392
1069
1552
1319
413
1864
397
1688
1190
1614
683
1854
1557
735
1035
1839
1152
753
53
299
676
1370
1776
166
1143
80
1003
1461
1944
481
462
336
1902
14
7
315
1878
404
355
1420
18
1390
1275
1927
126
310
1766
1278
1415
171
1930
444
1893
1706
962
1037
139
1965
498
83
798
960
771
700
1326
778
1367
1205
1182
1723
977
1552
1113
252
1479
1239
915
1597
870
682
1769
800
1126
1662
858
440
1051
997
405
1901
1432
1555
1213
203
255
540
1333
1623
97
867
1698
1074
419
811
1679
250
403
946
1848
1273
1628
1969
425
1107
1983
1283
1547
1035
633
305
1288
65
1860
502
621
116
1394
1954
91
1491
822
141
917
1593
952
948
196
1707
1894
44
980
1523
365
1757
630
348
1393
529
1735
26
834
1024
91
695
1878
712
1163
1272
1019
1606
1115
193
1747
384
1786
1051
1333
1982
759
1579
378
91
1454
1095
1849
84
1796
1594
966
1531
1620
1800
907
63
495
1137
1128
10
409
147
1616
1876
692
1363
613
830
767
1946
1165
1526
1877
1895
1617
1332
991
1818
1768
787
1412
734
670
1384
535
1578
1448
1382
1067
576
1745
1829
1075
1361
1705
119
1077
318
949
1844
616
114
1722
846
10
1339
178
1001
1510
1946
140
1274
681
810
659
1568
740
107
1302
1808
1035
1047
1637
462
761
1694
581
1838
365
1530
34
1333
1997
1756
179
7
1447
357
1360
957
656
1500
232
1689
310
1243
1257
1051
1350
911
1211
737
1959
848
1551
720
894
132
910
1611
14
944
945
11
1052
1476
18
499
186
1378
1809
842
1230
393
531
1541
1636
140
944
1338
1051
155
75
1010
1355
1978
82
601
110
992
213
476
288
1158
488
1340
986
858
192
1172
589
1
14
1819
394
897
1712
30
1037
656
1720
89
1163
147
1451
870
125
1534
1472
587
526
1685
1063
1167
1195
1903
507
181
1114
1051
1354
55
1052
1720
226
1798
618
1939
180
1655
947
1900
96
463
47
1548
1333
172
1082
805
759
1960
842
175
1127
37
78
1987
571
1544
1038
1925
1599
443
1997
1826
241
615
117
422
623
1064
322
719
1527
370
619
861
894
1701
18
6
14
861
181
1493
898
611
1480
1469
156
871
1746
1755
1314
1744
1933
1555
711
50
329
1686
1467
1004
758
994
1726
1377
207
620
1431
226
626
1445
1439
1159
1290
337
1771
771
159
1927
1994
257
34
1308
353
320
1215
1065
370
1897
1103
1837
901
1861
1184
627
1591
1743
1599
1022
321
226
819
1760
1737
109
98
1508
1232
609
1787
1578
866
174
1238
1220
494
454
637
1216
703
1740
1406
1604
1954
590
231
1545
685
1830
919
1007
408
1738
767
146
199
1217
6
1784
1826
1794
1362
1045
320
601
265
814
1407
1254
382
110
1346
1788
66
1300
730
649
1197
1416
831
116
423
1240
206
1190
1738
758
408
1744
542
586
1890
256
1631
210
857
248
1376
616
1854
1759
1078
1201
1547
1144
853
278
1793
51
1694
625
519
469
1865
1078
1659
1955
1836
419
51
730
1006
1942
986
989
504
196
1238
1881
812
1092
1992
1891
645
1539
1035
1499
169
1181
1902
215
1806
773
684
23
1851
696
1978
1687
1115
381
417
473
675
1404
1463
1180
1952
1053
1413
764
497
1405
1007
1495
1296
395
1346
1466
1576
1248
1681
1382
373
718
1405
225
1414
1735
1912
881
116
682
1355
792
438
1170
324
390
575
89
1506
1424
1494
866
919
1142
1261
265
608
1189
1865
642
571
239
1712
328
816
1126
415
1080
359
531
1762
66
1675
200
1236
1999
942
163
88
801
1940
1934
1667
859
1077
1280
1477
37
469
1694
1031
1040
285
743
1720
1101
221
135
182
581
1018
1944
647
694
497
236
1045
1791
751
1486
592
691
1420
259
1903
849
1539
1380
1239
360
1426
270
1400
1712
1366
1472
813
1587
1607
1347
168
626
1292
1168
1672
141
1404
717
1932
507
555
877
1199
328
1488
1102
1529
1380
834
768
1740
260
1391
1493
1972
757
965
1138
344
925
485
865
1903
129
385
1927
622
141
644
555
648
1552
1784
1847
1880
1624
949
1409
1004
135
178
745
396
1569
590
720
678
1907
210
1374
832
696
239
1087
1177
624
1014
1800
765
11
707
1414
1563
491
1613
1795
115
915
1204
1472
1050
1734
569
1798
1655
1159
871
333
1066
1081
1708
251
129
299
1338
1307
1276
705
1107
393
716
1814
159
631
657
1773
426
1124
1040
1630
596
90
1717
1165
241
1724
676
1112
410
95
193
118
346
323
769
36
1982
45
741
1089
791
1809
1255
950
440
264
723
866
1388
115
849
1985
206
918
1502
799
642
179
1911
1052
274
456
1522
972
1131
292
1360
1113
689
454
554
1480
263
1809
783
1056
425
1506
1922
1814
1974
1123
151
180
41
1653
1331
1036
184
1242
88
810
50
1963
134
1182
607
1495
647
1296
1949
1202
1129
564
1363
1912
1620
1789
1770
1895
1603
1744
1018
106
276
1412
1759
1607
448
296
1201
888
1106
1252
851
1241
786
1458
1088
1433
1107
1389
987
236
1953
351
500
1574
492
270
1469
95
367
839
553
643
251
312
603
1051
960
1804
292
419
1408
1143
12
546
954
1100
1980
413
489
967
649
442
1670
1501
368
162
123
189
609
490
1029
1162
1486
1632
1827
89
684
787
245
976
1206
6
471
1570
552
1777
670
884
190
1511
204
1191
306
1874
692
674
389
816
864
998
1306
1893
513
792
1877
340
1233
561
1479
1479
1889
1038
1837
713
608
389
490
1279
1274
681
1142
1478
1872
1448
1704
917
123
93
1733
1339
1444
1391
1584
1957
184
1461
649
1769
375
128
1600
264
1166
1437
1329
1775
1827
1820
1406
1453
853
548
1283
1077
1997
987
1994
472
1433
1727
1811
877
1119
1395
1186
1655
856
1835
1424
1231
315
1025
1848
1482
462
1529
1609
641
1349
1015
94
554
1915
1377
1632
264
717
1626
736
150
1354
899
1379
825
294
917
480
1503
1104
256
1086
1419
1633
1286
1253
448
816
862
1441
517
229
1536
1072
145
1265
704
409
334
330
1498
836
36
397
567
1213
1044
1484
45
547
940
302
1633
360
287
1272
1613
1087
88
828
529
605
1057
417
29
1554
34
733
316
369
1416
1814
1205
1804
563
125
1018
1607
1609
1063
506
902
1717
492
1262
5
1764
1227
1444
1852
407
1973
809
1817
742
1191
1371
777
276
1687
1498
1692
1853
703
1849
769
828
867
376
790
1930
883
1692
0
1375
1306
5
1491
885
1801
1343
1645
1775
504
1462
517
1695
833
1646
1972
873
1144
16
1078
200
1865
1847
1380
1084
224
170
1367
1459
214
1367
1186
1872
1724
677
1110
1525
372
755
1652
1228
569
522
1276
1402
168
1600
627
1665
1968
1706
1865
186
1553
1245
1270
129
1768
637
1940
334
356
1478
559
80
155
21
1958
879
1128
1610
108
1697
132
1736
1099
653
1336
79
318
1304
1785
535
1490
1338
1780
1113
1820
1900
102
1760
235
459
1239
1146
891
1746
1167
849
978
295
812
1438
1992
944
1174
1443
1949
862
1522
619
518
1307
1154
361
998
935
1474
1170
835
1576
1282
1422
387
873
568
1631
972
87
480
1950
382
1292
1388
726
589
562
522
890
1776
44
1510
294
1704
664
655
1054
1951
129
224
1139
58
1858
913
797
732
1834
428
1704
1921
909
6
656
553
1394
1382
1494
308
1904
385
84
301
247
378
357
1263
1034
1411
1215
1515
1987
706
1925
1845
1619
723
929
1453
1151
985
1375
412
991
383
1318
385
117
1164
1045
374
1549
1129
675
148
1860
1032
1412
1246
795
979
1113
782
1685
1039
979
1304
114
1909
1110
1265
894
837
30
1886
1220
1348
623
1337
512
21
1711
414
1502
738
914
1362
122
326
960
917
1657
74
51
1342
1465
1031
647
1579
1292
1757
1196
538
946
1226
776
166
926
1752
1503
1791
1773
1567
557
1275
657
1471
638
780
150
1950
49
1807
24
101
1502
1489
1484
501
1068
1128
610
265
1666
1556
1843
443
1722
770
195
1577
913
1968
1496
1470
1243
154
1293
233
934
1443
184
1335
1603
560
1436
1105
50
1272
1606
1470
400
216
87
67
1772
1931
862
1494
1053
1057
1423
1966
1377
920
1436
972
1074
1081
1206
360
525
1742
1695
480
302
1484
1585
704
1108
1543
175
1509
1759
262
1928
1883
545
790
1377
1598
1847
1152
1564
1576
72
1352
548
1498
434
1754
1858
1311
1848
1906
1791
151
1390
1728
1207
498
1271
1734
359
1030
349
287
913
894
1077
642
493
1276
146
409
852
219
114
1401
1717
548
1507
1928
211
1356
1834
2
1859
1576
82
1418
426
1353
1153
786
735
1502
1425
0
396
855
994
1241
131
1140
3
1336
1711
117
1089
1781
1017
948
1709
1228
656
1895
1582
867
1823
1664
286
249
1369
1439
1387
104
1293
813
104
1689
20
1450
1283
151
590
1286
1839
302
1403
1280
83
420
229
144
0
885
391
1934
105
214
1598
391
815
1319
182
203
1423
1475
1368
1879
1516
1388
1329
799
1891
1919
85
83
573
1488
1363
1008
260
1944
1504
612
1182
1895
546
1287
461
496
1678
1277
1815
1860
1832
1238
1687
1200
1469
1203
940
798
3
1183
1070
88
1266
1995
1929
982
1004
541
926
860
1154
108
756
1700
1395
1217
197
1425
494
364
1637
678
1955
1324
230
1424
880
1170
575
883
706
1997
1323
324
1992
1604
1306
1348
146
585
209
1652
1045
1317
1704
793
534
1901
218
1381
618
208
411
573
1884
642
1997
764
1812
572
1999
870
921
1675
1195
914
1279
501
614
1777
1438
823
1781
484
140
1486
1277
1027
1739
1847
760
357
55
1171
930
1940
1813
928
1056
1978
1852
1056
848
774
731
395
40
362
1249
654
492
687
1830
273
1523
322
1759
800
1701
1499
648
461
208
1055
1985
1139
1347
150
419
404
480
623
1460
1681
1749
543
76
1789
1257
1325
796
1749
365
626
375
1888
948
486
689
650
337
1689
1463
546
1096
1448
1685
444
1951
104
848
431
1079
660
112
829
1555
541
970
812
1866
1766
914
231
392
1641
472
1341
127
1513
1991
465
1202
1454
1011
650
1255
1048
1094
1206
1504
294
1989
583
954
454
1412
861
995
383
26
1213
501
1292
1797
894
933
269
235
1060
1782
578
1877
1336
384
1240
1986
1639
288
1433
1197
1792
1727
1539
376
1034
1993
140
1895
988
875
1921
201
1377
1213
350
271
498
619
858
1911
753
1788
1788
89
172
1029
428
164
1317
1861
1713
1462
1588
1252
1838
622
1245
330
870
233
1206
791
787
935
357
1489
1558
855
109
416
766
1214
204
907
1304
728
1936
84
892
1605
1945
606
1067
1885
1858
1257
508
1456
1588
1378
41
1146
521
1180
81
878
670
1639
86
1131
407
852
345
963
111
1649
1691
47
85
936
5
30
1894
1424
1916
104
682
776
1560
622
506
1602
1768
1379
1134
201
258
1804
192
344
935
599
1548
1281
1914
1660
1282
1605
59
1368
893
416
1750
1139
1841
18
1244
875
794
1156
1497
1652
1110
1617
1032
245
1818
1642
49
362
338
1337
961
1886
970
875
1898
604
832
310
1972
78
726
75
1217
567
93
813
1794
1240
1970
1291
892
1080
1260
276
1325
1430
1918
1727
1792
256
1416
1105
495
386
332
745
990
1517
1055
1315
1595
1782
1390
812
701
1835
1626
496
1075
1948
139
320
1028
1400
596
706
830
867
785
975
1475
201
80
1970
587
765
716
1929
282
123
1244
1877
257
634
1041
959
822
1019
1807
1897
967
298
569
348
50
1518
1406
1233
385
191
208
212
744
640
183
1331
1405
1251
1612
1687
1374
857
1916
1632
1843
958
943
665
329
1102
915
1297
1752
1484
1997
1803
1002
1403
1036
1739
1946
1596
1952
690
236
487
373
1642
1738
1985
1681
1464
842
1598
1448
686
908
743
1703
1237
197
618
534
1950
103
883
1753
1457
286
1141
1197
232
737
1501
1274
973
1988
1647
967
78
1633
1001
1894
827
599
1695
1865
1507
438
1569
744
988
187
1631
938
290
866
1043
100
1153
184
1297
1737
921
798
1012
246
1138
1011
1566
1216
996
567
1462
1824
1166
1157
1689
1025
1596
1258
121
584
1798
104
1874
440
971
917
540
124
1453
1837
213
726
987
1577
972
477
589
538
1693
1585
1457
1508
1761
623
665
1803
0
261
1413
122
1197
1211
226
1423
1652
1197
692
192
1673
145
382
239
871
1721
1816
196
199
757
1086
244
695
544
1752
456
1519
418
259
1520
1031
1673
1994
581
1236
220
4
888
1770
697
1433
1443
1194
1815
34
66
1536
1851
262
87
608
1700
332
1303
244
436
112
1764
854
723
1636
238
396
1630
819
1633
202
1175
873
1972
224
306
1768
1419
473
1802
1837
362
5
99
449
966
1799
1133
621
396
1570
733
512
776
1457
148
1014
205
130
185
190
332
1361
1416
657
1585
74
777
1356
548
931
1193
910
937
1644
1711
255
1796
1197
876
192
767
1610
704
1895
1419
852
910
1976
982
1447
519
1666
808
1935
323
746
9
1452
102
909
384
1648
1819
1673
1292
1883
1928
1088
1080
1156
1280
199
766
336
94
537
1188
1356
866
522
804
1385
189
1964
1672
864
1062
1681
317
1165
943
1053
813
1114
1078
457
997
1358
1546
429
514
1178
628
1633
1515
1075
170
703
783
1036
1578
1587
773
119
1904
445
1335
966
479
4
483
1422
1057
1648
536
487
106
1534
1845
1652
315
712
830
1296
345
345
371
515
1401
1154
1904
1331
1094
677
1450
998
1475
785
1964
1954
790
800
1376
199
448
1912
687
554
1798
884
206
114
1596
1389
1410
1941
86
133
809
1839
1639
1065
1170
733
94
620
83
1569
1758
400
1523
548
1200
1251
747
1648
1164
1786
203
1314
671
761
1780
619
502
1542
913
589
1675
1722
428
1315
787
1599
400
881
571
484
803
329
884
326
1229
436
1578
329
84
1094
115
639
760
1138
1753
893
110
255
435
1023
1196
463
745
1977
130
1884
1576
530
1117
499
1366
1920
829
602
599
58
1038
529
387
1475
1975
855
114
735
345
219
1628
455
827
416
1478
23
879
223
0
1009
459
1928
1539
1577
428
1258
1849
1609
1860
448
19
899
977
759
726
1304
1966
1192
40
311
1412
20
1119
239
436
597
614
1315
1173
615
324
1632
895
216
1561
1675
1826
1763
1636
1686
211
8
937
1541
767
1663
845
1085
856
1237
1748
620
1258
867
859
46
1465
1825
1362
990
440
38
622
1688
606
536
1363
432
299
1000
471
862
1008
1408
755
127
1424
1601
1212
632
1190
960
1252
800
1828
463
847
1645
288
561
635
1081
951
1609
769
1558
497
132
342
796
1484
1165
11
492
574
766
971
350
719
183
982
262
1496
234
1062
1676
1049
1909
1321
1337
822
308
418
1774
269
1539
1684
767
1672
26
1915
1156
1192
1926
1
118
1045
972
468
1764
1508
1802
26
1356
36
1441
1032
1437
1350
705
774
525
1365
1545
299
1634
1084
1983
401
1108
361
669
617
1905
595
618
375
1640
1942
1195
1757
1802
997
135
1158
1033
1576
542
822
1279
1599
1597
1804
964
1494
455
951
578
790
1352
39
1151
21
656
1409
969
1626
1784
961
1920
980
1070
1723
1977
1206
1233
1363
1134
128
185
765
79
134
921
1044
1628
1376
1995
559
166
1699
598
1670
73
1254
1079
1394
1232
863
355
1152
1843
1778
1227
173
1336
461
1536
470
941
73
1588
1020
208
509
416
1836
1886
763
747
52
815
1345
74
888
951
1153
634
183
17
1341
1336
212
1119
563
385
455
1376
273
1278
669
347
866
1690
907
1375
106
1095
1613
1222
1843
18
37
1188
92
1277
140
1246
1911
675
1615
1252
363
1827
724
927
565
1179
655
1190
809
1325
1889
1675
1367
796
1403
1825
244
1016
1047
87
1034
1084
1627
1479
713
119
725
624
795
692
229
1158
519
953
437
1436
484
1445
979
1294
1122
1220
969
489
369
724
666
613
93
1714
700
1479
1150
327
958
1864
799
35
840
1594
727
1069
1104
1599
374
1542
1387
859
1339
366
153
461
1587
1474
1302
1956
199
1968
569
292
34
1621
1771
1537
300
1082
1753
1099
1117
593
693
1845
15
150
1444
389
44
831
1600
1383
1550
1753
1844
1137
1580
1498
1445
131
1466
14
423
1853
1987
546
1390
287
1980
1143
1387
1098
88
432
943
455
582
739
1197
626
1922
797
9
1472
551
205
961
483
55
406
614
1874
772
1389
1727
759
1935
1469
1399
268
964
1138
1366
1404
1570
661
1860
505
1400
1057
1131
1674
206
1493
1147
1109
50
460
1592
106
867
206
1980
1991
1595
59
751
1883
1528
502
151
844
1640
1517
248
1210
530
108
1715
282
1517
1199
1956
1724
1044
1455
833
1446
1916
426
1552
1135
984
1884
1126
580
295
229
463
175
731
966
1019
371
835
1620
1934
1365
80
1
1647
1598
1200
1955
1674
596
1411
859
43
1327
1637
1947
462
622
184
1940
1202
479
170
17
1007
901
1335
26
1273
170
1646
1559
1887
79
1560
1534
1677
1113
1489
1703
1709
1252
562
1752
931
200
52
1745
822
236
1686
376
1067
1856
745
74
1109
80
453
382
602
451
1941
489
530
1854
375
559
967
216
262
676
1469
1177
781
752
1377
833
498
551
1421
184
1279
488
392
376
563
1501
456
1016
236
1410
1819
529
251
350
383
626
909
1350
842
1524
379
663
701
1160
1416
78
345
266
981
1766
450
260
254
1194
636
1169
695
1444
537
931
1206
357
1813
1457
707
196
83
1968
1899
1277
1492
278
293
193
1438
61
623
135
327
1604
1901
1129
216
507
323
1204
1677
1370
1000
214
302
206
923
115
1663
1982
663
98
1951
562
1728
1795
840
21
1989
630
82
612
765
409
569
666
1890
1137
1526
213
342
1203
1583
1694
1769
237
253
1045
704
1916
1027
1368
367
978
282
95
1126
1123
468
1115
105
550
79
871
1311
648
1889
1201
138
1415
1766
832
970
1701
526
1092
1939
779
137
995
1048
1164
363
1767
495
646
214
1621
121
682
1088
226
1584
1167
1449
1247
168
1691
800
306
1106
566
1138
429
267
16
1521
558
1148
1658
1554
548
822
269
315
1669
1267
529
1290
1740
1211
378
319
1147
1898
1768
394
66
1459
1194
724
918
1760
214
1347
379
582
868
1290
1730
878
844
278
52
1113
593
1722
733
1474
1364
473
1037
95
792
184
1993
561
578
411
372
124
1135
1642
236
1701
989
616
283
209
1906
14
1439
1102
644
1492
567
1238
1214
1300
1064
930
126
102
1025
918
638
1370
1831
1217
1781
556
1341
1268
198
1578
969
1540
546
1253
101
804
1619
1541
1906
263
1033
825
1853
599
126
918
1529
604
1372
907
1522
10
277
1706
1579
411
262
1273
31
460
851
1353
352
1749
958
454
553
577
1995
811
1192
1380
1636
1046
1979
114
316
1508
718
40
767
593
50
1397
299
1630
1808
913
903
191
1725
106
1544
78
207
854
884
760
1431
879
1923
976
259
1911
22
590
378
690
450
1096
730
1218
41
1132
615
692
1114
775
1957
369
1318
1683
827
