10000
61
788
660
168
960
193
515
752
186
312
75
94
145
357
64
282
523
382
876
169
464
955
178
698
122
12
203
357
325
353
881
738
493
541
259
453
87
126
557
273
791
632
367
288
341
784
922
216
166
799
738
982
106
268
680
580
632
236
937
958
589
171
48
82
712
659
535
799
786
444
425
577
428
144
217
769
928
139
338
447
290
76
781
397
344
462
977
976
50
267
286
639
438
335
73
502
994
960
654
132
404
79
61
832
223
278
953
504
418
291
951
708
719
84
457
63
546
787
392
596
54
678
587
844
365
660
346
712
620
0
196
24
431
258
208
655
888
162
511
658
453
814
367
173
898
176
588
445
963
980
393
369
11
333
213
728
993
912
792
966
264
989
990
48
599
551
703
487
713
566
146
518
380
865
43
278
393
632
75
357
964
821
78
327
154
644
408
147
556
200
113
172
541
456
220
140
7
275
980
72
841
478
590
573
695
634
204
88
266
279
797
582
452
876
910
606
520
670
106
428
870
571
952
764
379
173
904
738
800
236
810
994
66
401
567
761
387
771
850
5
403
999
587
855
875
849
814
747
519
920
175
742
843
480
506
223
5
762
961
805
351
124
799
417
525
719
179
264
842
381
269
597
380
856
805
608
58
619
355
929
891
883
23
734
363
529
309
368
644
623
173
995
747
325
764
624
396
943
888
590
324
157
188
57
365
993
665
775
964
20
705
855
255
80
941
618
610
251
986
606
226
512
953
973
189
717
949
937
13
837
527
337
346
67
746
711
60
411
839
24
784
896
231
39
976
173
10
938
776
348
544
354
860
497
327
401
567
276
690
580
465
218
269
811
637
16
874
698
779
713
74
915
609
658
307
586
183
317
524
959
665
421
313
878
270
992
631
837
620
322
769
85
540
39
248
529
407
122
227
538
188
654
454
149
312
761
735
495
430
612
806
95
385
471
973
655
815
605
845
435
927
614
872
819
5
472
348
764
946
928
303
134
934
109
284
598
222
371
445
652
335
603
747
720
74
73
728
241
30
573
676
309
539
900
480
545
372
180
661
318
108
964
805
394
425
441
344
647
164
789
299
500
392
399
572
818
472
300
59
854
225
87
163
765
339
643
662
63
823
323
734
284
640
539
678
65
332
23
65
496
164
364
348
909
763
273
727
587
925
139
441
151
226
956
268
918
599
282
981
423
605
715
59
597
254
89
15
586
464
80
435
629
444
783
538
560
56
617
499
982
756
941
485
335
897
105
253
849
387
234
624
344
950
683
942
556
124
957
495
589
37
930
218
833
65
108
745
474
725
245
808
834
538
293
169
787
398
774
636
137
8
612
481
310
647
423
867
772
732
714
361
121
644
931
955
709
39
52
183
116
297
343
950
835
636
471
975
386
597
611
875
606
576
357
268
223
132
487
995
217
201
356
338
845
287
645
907
678
698
442
795
995
786
97
183
774
921
158
513
518
121
388
476
697
97
745
273
230
584
268
799
786
625
137
983
264
783
242
943
833
685
738
828
823
187
363
949
108
873
814
627
995
555
455
44
652
200
317
234
785
938
33
923
563
523
906
179
306
149
122
491
186
212
671
361
400
35
310
860
908
125
839
255
32
295
652
684
847
321
271
984
259
656
259
174
179
166
354
837
667
476
328
853
41
0
214
793
387
876
5
647
353
845
903
385
492
907
422
691
228
45
676
488
701
935
662
881
453
368
718
120
197
47
325
238
399
891
31
786
120
388
433
825
233
688
211
77
595
985
769
176
30
797
664
731
84
678
612
538
47
683
10
596
730
688
834
481
931
217
267
51
605
52
877
191
741
440
268
336
777
389
512
807
186
528
890
271
559
855
161
958
538
523
554
620
563
740
101
495
957
720
898
914
772
775
105
513
567
726
202
344
115
66
503
302
595
394
925
506
249
438
816
139
961
370
759
877
110
860
372
419
932
270
333
704
398
791
218
317
517
420
662
984
486
517
638
433
263
563
291
864
1
107
3
315
829
762
192
939
974
916
710
906
538
396
611
936
187
181
254
56
601
268
40
439
137
679
225
401
594
516
265
948
976
269
263
805
383
807
97
710
75
807
968
613
203
579
550
742
112
156
798
65
776
191
505
913
870
82
666
816
598
932
764
926
553
379
732
936
186
829
646
261
988
615
227
544
546
129
286
659
285
437
724
413
628
581
678
850
663
345
666
614
277
431
540
830
810
624
118
349
453
765
962
794
732
189
338
630
318
624
289
955
61
366
720
41
299
399
891
315
744
558
929
373
989
821
203
151
446
321
500
251
438
463
45
170
4
735
801
675
360
442
630
773
160
351
815
812
750
706
127
846
616
408
219
957
229
774
109
27
95
961
631
886
776
28
56
781
764
209
456
476
4
438
249
516
789
64
328
891
123
455
89
739
863
308
697
445
82
806
824
530
767
807
416
544
188
824
677
952
386
485
780
742
923
29
610
65
446
939
308
569
746
398
660
962
58
357
759
493
515
583
23
635
743
791
531
931
967
560
235
705
45
15
447
968
396
58
33
842
349
342
763
95
740
776
409
798
133
168
291
1
104
666
988
847
809
519
130
777
79
365
482
124
380
282
444
776
692
478
971
41
820
86
488
912
862
898
62
348
418
706
349
522
724
337
721
534
208
851
663
639
216
145
115
948
779
559
77
471
389
400
864
209
486
353
473
349
603
888
49
21
594
750
896
318
439
617
852
647
821
867
638
389
13
753
338
144
664
767
968
54
167
832
615
5
537
89
706
492
977
755
514
923
505
762
241
944
379
446
943
200
313
581
942
678
686
632
823
351
399
143
757
918
975
372
923
865
461
630
357
790
737
871
713
595
633
307
539
365
753
835
917
418
768
859
97
807
843
272
158
242
415
267
160
742
639
436
607
101
418
965
243
155
188
957
750
174
264
642
891
369
829
808
787
597
20
236
404
863
860
914
458
275
181
970
370
821
406
977
274
176
294
517
332
483
826
434
9
442
428
900
811
257
60
951
855
432
539
611
296
400
526
106
27
59
76
397
232
835
375
506
363
21
376
695
504
554
482
865
997
910
765
160
168
826
463
375
258
3
986
906
403
864
364
782
924
441
180
508
628
907
367
991
928
743
39
785
649
873
650
998
783
416
511
303
594
974
678
204
977
17
111
732
881
827
515
157
268
47
666
248
954
33
592
234
128
631
19
777
504
670
128
639
438
639
943
384
613
973
588
943
990
51
27
224
879
894
381
499
941
399
100
895
432
692
482
912
323
501
42
179
523
170
818
313
809
113
697
422
87
638
717
429
41
745
653
920
639
387
772
933
138
872
828
923
564
662
835
239
164
877
418
39
47
588
353
208
702
402
983
141
392
700
570
434
797
576
706
789
315
478
722
453
350
902
376
266
565
212
505
81
441
923
120
841
512
825
49
566
580
32
707
972
85
277
406
882
205
113
23
520
943
745
974
646
648
702
912
213
914
418
294
708
693
766
549
205
592
598
771
524
983
830
496
420
108
255
654
665
720
678
186
663
423
512
309
423
214
574
988
129
992
282
189
685
401
738
243
345
688
366
869
671
197
365
91
657
972
746
322
692
776
508
708
199
372
369
975
587
943
963
68
935
598
257
973
999
995
568
344
683
934
565
707
131
282
150
140
255
248
463
299
24
323
359
576
696
729
551
283
672
866
351
960
464
960
285
815
955
853
511
990
787
76
697
271
359
200
411
966
448
226
265
473
550
977
401
246
706
952
881
730
818
584
42
635
544
327
450
499
532
962
841
672
390
891
943
749
91
706
67
539
285
685
364
835
662
765
433
368
717
314
450
888
250
493
875
794
172
325
645
57
639
486
729
30
377
24
131
820
730
199
360
367
884
724
202
898
490
987
618
559
653
68
799
903
913
674
49
438
352
694
495
343
533
224
373
262
248
857
83
330
56
443
50
292
519
252
542
9
592
160
921
245
228
72
501
494
99
550
932
451
597
779
146
130
355
872
392
955
729
475
637
137
270
687
781
790
292
323
151
884
483
72
481
63
497
334
557
596
885
841
399
482
620
545
964
975
417
356
282
498
832
920
635
102
607
416
892
899
739
396
783
574
820
617
638
317
951
547
913
188
389
664
22
361
562
986
689
979
343
971
478
527
891
465
981
499
882
226
398
973
622
534
548
442
503
538
112
454
85
377
995
474
42
17
188
604
356
877
935
51
848
765
578
740
231
911
591
113
137
989
438
111
875
338
554
378
876
18
185
962
395
180
788
437
549
976
393
905
853
329
956
54
94
886
146
325
150
737
790
287
726
581
399
954
919
305
332
796
323
869
110
70
49
898
508
599
227
253
856
80
582
165
486
29
403
632
706
553
369
849
841
448
430
592
402
349
249
86
497
572
956
607
642
357
506
502
308
733
756
165
165
690
330
652
71
733
284
130
287
6
979
480
454
409
72
208
110
673
294
608
597
602
215
591
960
73
94
620
806
202
785
324
244
115
976
668
201
612
798
840
618
777
320
72
538
744
280
0
417
927
608
14
881
176
957
193
249
51
814
408
605
599
732
202
67
708
870
620
672
668
460
291
797
132
715
687
876
348
687
645
627
648
11
508
824
968
54
425
372
868
833
329
819
917
531
886
977
753
858
650
421
318
293
570
802
8
257
678
708
945
675
335
593
686
196
769
7
250
194
379
470
380
708
289
297
592
528
275
345
386
925
119
57
570
689
859
578
947
890
639
244
565
326
189
604
522
958
611
124
504
342
946
884
402
236
534
994
116
161
692
854
438
811
911
8
852
123
938
151
365
577
395
282
904
584
886
778
894
849
255
751
543
201
987
946
789
521
940
905
682
984
760
120
795
23
128
648
146
67
799
863
996
547
146
252
483
384
31
730
234
638
481
129
839
468
75
629
990
368
886
24
352
646
497
148
22
977
148
520
44
299
384
393
198
530
645
34
914
28
764
500
666
245
630
858
65
705
839
407
425
725
432
778
724
929
278
746
906
778
266
303
429
2
48
628
532
45
662
799
74
426
651
92
23
281
950
88
339
141
496
764
219
280
894
943
561
524
41
467
302
307
122
732
662
522
360
194
568
374
345
642
152
997
86
175
278
389
615
969
530
111
86
749
391
980
44
952
857
85
772
159
745
246
891
407
769
603
953
689
329
299
683
481
296
769
656
926
158
272
896
41
735
334
790
127
666
835
431
523
272
555
683
17
802
926
424
923
882
730
612
211
29
295
693
325
416
349
603
575
973
851
968
709
185
758
188
852
945
971
375
570
527
410
587
681
337
364
956
571
94
920
782
475
567
475
152
983
177
755
910
502
607
878
563
144
989
751
996
286
75
724
208
954
486
796
987
175
512
943
746
958
215
529
433
782
4
585
117
533
692
380
36
299
610
599
444
951
703
792
590
130
868
798
84
355
946
71
882
458
366
629
768
581
158
201
715
514
138
832
48
831
564
436
482
175
387
926
126
90
71
68
220
291
867
656
998
813
727
881
624
93
510
392
26
20
594
741
534
84
926
934
915
490
722
398
17
110
676
496
552
99
564
125
391
783
781
389
597
861
622
221
306
132
613
333
504
559
426
39
644
352
325
911
195
48
309
212
510
986
60
62
85
977
539
828
760
673
570
357
534
192
930
192
677
896
525
181
807
952
572
451
656
250
363
203
298
24
768
160
362
828
574
800
805
114
628
566
787
550
275
673
743
206
865
772
102
743
305
909
695
878
713
703
480
428
907
778
452
675
290
167
855
864
967
661
978
595
579
117
146
854
790
241
412
8
365
866
751
670
128
798
900
841
501
380
621
760
510
425
787
800
592
643
665
559
656
995
507
235
465
5
441
255
246
206
615
611
72
366
281
200
164
534
393
18
914
366
778
425
792
566
225
736
561
242
296
217
590
155
804
55
160
597
662
406
803
278
369
876
644
2
428
161
536
174
179
803
540
309
228
684
875
805
421
436
400
69
5
990
224
809
45
384
407
707
142
210
337
863
438
982
865
219
495
754
393
674
557
285
983
137
970
211
942
391
999
342
460
5
332
36
814
729
772
573
789
914
136
126
129
574
460
346
145
955
100
890
629
9
176
965
146
146
176
89
889
175
783
701
180
468
737
347
549
509
272
338
775
408
465
904
335
925
250
480
233
703
723
862
712
899
827
859
397
355
300
638
531
435
339
63
255
428
762
805
937
35
143
712
443
960
968
130
238
570
963
471
273
686
685
986
937
865
197
334
220
497
324
103
284
663
167
540
91
929
345
380
316
840
444
112
801
412
242
391
982
557
214
608
243
899
594
180
764
791
866
985
640
190
440
924
205
607
816
296
889
161
28
205
354
472
669
507
236
264
898
571
821
112
179
65
11
125
597
128
268
816
465
908
6
905
184
564
865
1
212
754
514
241
311
868
65
981
727
302
245
625
873
418
89
404
835
453
529
433
581
797
249
398
57
607
303
241
171
168
594
736
274
461
977
586
329
42
919
57
696
516
34
921
286
124
325
122
929
206
555
862
3
156
260
412
115
915
6
639
84
600
375
710
61
704
648
743
746
919
152
443
435
538
716
722
662
42
844
943
600
751
805
956
259
65
368
726
981
374
365
417
327
92
127
740
796
128
483
895
47
987
690
483
526
406
557
540
800
753
484
401
856
289
709
467
707
77
193
40
804
911
457
131
355
936
871
504
64
707
399
112
46
441
947
572
199
856
465
0
961
949
753
817
590
462
636
649
891
829
689
695
92
498
178
448
435
50
952
851
109
703
315
155
144
262
80
343
470
545
695
431
846
448
600
436
262
236
438
506
418
127
201
510
978
380
310
413
782
262
616
243
965
932
398
461
546
478
805
17
23
500
800
869
301
753
658
915
989
448
421
759
927
975
622
905
707
932
318
489
195
935
732
512
867
482
974
765
313
131
782
336
983
583
558
636
336
568
904
677
16
325
789
943
652
411
849
359
343
519
200
890
806
284
755
25
119
729
791
432
212
573
120
195
508
678
184
196
246
88
226
614
765
15
910
418
426
759
129
121
630
682
12
437
318
767
462
437
848
253
869
412
179
990
959
687
20
143
236
619
231
462
233
349
829
143
119
607
254
248
728
885
282
92
322
601
211
136
390
411
390
260
823
569
602
783
608
974
278
196
593
510
658
179
211
839
674
330
446
929
578
527
166
213
619
840
814
183
976
204
594
366
816
770
287
770
553
248
745
831
444
690
693
455
869
904
646
544
234
93
825
165
972
991
730
591
183
544
126
159
100
721
878
269
843
517
39
396
765
136
579
562
827
625
17
48
881
663
944
468
108
769
985
80
112
715
24
295
611
150
455
711
223
685
332
66
202
724
814
968
860
746
530
39
723
899
88
604
914
384
424
375
154
409
455
618
124
831
914
87
334
721
151
557
406
483
976
608
207
142
928
420
888
810
459
963
61
899
568
328
284
344
703
790
754
510
408
230
342
674
318
676
747
821
585
505
304
561
466
864
56
394
284
944
557
95
260
618
347
828
946
983
524
649
773
278
160
533
861
854
560
531
882
659
352
467
165
8
381
631
872
437
377
156
733
934
252
993
905
951
173
851
934
698
853
59
328
365
944
541
219
504
72
101
516
776
920
681
785
653
664
657
442
393
166
528
328
418
873
233
721
47
436
655
97
289
714
777
654
658
319
225
515
743
678
31
872
599
64
657
604
80
666
47
473
832
575
153
602
800
738
323
847
175
330
296
816
396
426
471
55
745
48
922
840
727
305
712
678
721
721
282
801
388
681
626
572
608
780
175
409
870
850
608
397
181
905
214
577
331
37
984
428
85
258
620
164
915
333
842
636
406
125
437
146
158
416
719
767
196
246
176
418
448
784
816
981
41
382
911
724
771
895
152
856
506
773
373
421
458
215
58
216
692
847
363
851
615
434
618
811
680
146
582
480
282
398
462
324
132
373
48
903
620
553
759
478
678
484
900
488
700
310
704
392
509
67
595
125
501
565
288
533
63
870
366
346
620
828
22
752
553
422
655
525
327
767
4
5
251
256
493
303
918
198
48
427
617
643
904
471
561
545
356
624
767
722
970
388
902
344
492
807
767
148
333
94
267
689
452
870
945
945
174
215
495
222
994
465
217
899
288
778
796
644
403
563
367
725
951
621
70
444
429
189
944
114
635
563
803
87
433
100
385
607
315
880
181
661
697
399
560
985
529
708
630
932
272
349
10
575
322
432
19
751
621
315
865
256
878
20
696
664
120
81
271
787
313
805
449
11
556
361
996
85
70
978
370
342
679
380
917
2
164
289
105
785
956
323
393
187
343
441
851
816
522
474
603
836
279
404
199
835
766
547
921
188
526
291
882
557
23
151
559
187
440
17
324
749
340
69
936
683
511
139
499
33
613
455
221
245
859
420
432
977
968
705
165
846
348
47
403
371
199
315
910
991
332
586
92
24
656
28
59
167
519
911
552
133
366
126
730
577
546
162
907
514
220
72
712
568
472
116
292
23
783
202
366
467
789
459
491
797
839
550
316
359
461
220
844
179
346
574
757
893
88
16
759
308
440
472
229
264
940
521
287
75
75
6
542
216
817
33
13
8
935
681
719
397
902
563
928
248
489
37
493
930
53
253
238
494
77
819
758
369
340
398
444
768
404
986
984
573
371
350
581
306
31
301
55
933
216
984
182
706
21
675
636
427
280
226
921
709
46
679
430
738
77
226
506
833
564
491
406
935
841
340
594
224
641
1
158
857
337
692
915
359
719
903
786
0
130
59
61
528
738
844
266
168
70
125
353
635
616
760
922
809
452
868
385
93
870
543
302
207
235
570
918
955
473
56
307
955
115
720
483
206
564
102
374
635
227
727
622
195
839
544
356
291
413
93
736
635
637
39
842
224
961
113
531
434
169
838
390
285
559
225
843
475
679
217
110
258
296
732
805
136
629
513
779
394
607
516
29
596
907
223
820
868
336
352
654
858
542
396
495
101
622
338
577
653
907
39
264
203
124
69
691
105
935
823
499
542
339
880
138
598
103
310
466
792
662
472
650
205
869
497
658
843
835
587
496
94
627
760
297
103
182
341
208
117
164
707
11
855
939
501
453
42
811
271
186
474
743
188
31
612
685
689
807
872
277
304
966
256
416
616
359
950
957
567
419
473
626
430
328
565
931
133
959
743
404
146
569
499
686
600
464
372
289
271
244
566
927
563
174
344
179
533
646
488
452
66
313
430
848
993
995
780
126
307
875
882
805
444
381
491
44
845
863
685
117
460
604
396
375
778
92
906
312
739
394
116
157
59
547
5
52
894
137
178
201
12
412
6
456
793
498
852
991
713
538
460
525
142
856
900
920
949
806
584
40
552
701
197
611
248
202
663
142
340
193
696
704
605
702
513
751
552
365
94
266
255
554
143
749
762
44
670
711
202
606
751
755
307
300
718
907
855
734
402
547
927
98
251
885
152
764
988
705
482
82
323
737
988
466
487
750
862
509
462
65
467
565
172
127
218
890
34
73
624
788
620
904
886
871
141
39
988
129
96
470
563
419
559
551
237
46
301
100
907
115
165
375
33
337
502
603
579
888
676
204
677
648
108
915
871
249
306
859
730
402
329
293
821
889
196
59
287
849
159
547
317
676
922
350
365
776
953
944
16
981
500
45
629
608
961
500
209
267
712
291
670
393
936
843
282
132
254
922
982
765
469
299
441
743
1
158
871
306
455
887
639
955
285
268
916
246
120
125
865
184
417
887
578
353
83
860
838
337
134
172
103
955
471
896
698
824
55
921
130
862
809
769
817
94
389
733
692
861
211
909
46
980
797
624
685
880
836
523
217
971
47
672
278
518
569
977
694
976
898
824
838
59
945
7
505
686
93
549
548
656
459
946
636
608
922
673
488
758
549
57
81
596
82
360
467
651
689
161
979
587
338
169
999
283
528
504
970
621
54
870
277
865
816
265
473
738
291
313
848
840
722
282
788
804
642
255
807
683
417
138
270
755
307
621
390
836
478
712
809
884
934
439
749
750
56
574
840
347
887
41
539
609
323
328
766
317
583
573
0
352
712
622
459
371
244
202
559
722
914
369
958
849
160
707
951
216
281
144
564
520
185
455
129
860
783
895
177
719
821
177
423
885
151
883
256
395
437
816
469
703
537
427
904
697
486
856
913
767
352
829
287
889
285
769
101
420
16
278
139
189
807
563
74
958
798
331
706
587
499
527
290
36
955
195
85
441
403
998
561
107
180
200
996
465
321
97
885
338
727
377
879
886
292
954
844
442
637
902
29
488
430
319
876
385
514
961
178
269
311
91
376
491
292
372
308
613
821
546
303
900
923
183
786
567
489
631
9
126
885
38
614
315
357
842
52
224
803
231
845
114
322
222
958
966
946
618
932
768
164
235
668
439
770
455
358
259
438
367
737
323
405
703
991
115
545
43
691
348
626
536
815
301
758
125
267
57
743
199
825
260
787
845
51
909
652
410
169
442
777
258
118
535
962
109
2
859
504
693
560
131
581
375
784
340
852
51
397
947
603
574
559
742
771
611
651
776
373
172
570
502
431
688
389
745
149
391
604
654
84
516
137
666
891
921
358
95
324
107
395
279
33
954
21
156
917
25
932
290
197
503
145
980
191
534
77
693
926
34
347
362
550
836
380
794
757
90
241
433
549
636
713
582
591
86
739
508
111
23
151
661
526
296
993
70
182
423
763
460
457
462
823
359
298
555
505
407
998
747
840
547
383
905
130
974
992
221
835
455
244
338
116
123
986
462
545
168
885
308
629
694
122
804
405
772
711
911
531
709
658
723
257
41
629
739
368
973
312
555
428
908
893
897
31
879
711
576
399
948
236
28
642
710
184
399
482
896
310
365
957
320
89
214
714
70
305
82
43
969
989
823
878
882
72
909
113
783
838
512
83
74
893
77
137
77
477
619
325
787
337
283
108
426
849
822
496
155
256
891
124
245
714
354
479
139
264
592
274
454
456
358
880
349
435
17
427
264
989
104
52
326
387
512
752
237
686
600
744
294
491
220
891
557
575
370
48
191
314
323
645
770
33
525
472
820
543
899
85
532
3
489
210
743
353
962
980
39
914
76
685
405
296
576
314
871
298
363
62
964
38
59
86
71
585
558
891
480
809
328
364
165
817
574
908
170
888
240
561
802
316
598
559
964
174
225
188
824
588
602
140
978
662
227
49
599
785
293
79
947
621
443
112
791
369
20
961
257
260
875
411
928
473
322
892
0
547
432
176
488
35
317
466
697
896
516
296
33
161
727
980
134
170
92
925
891
112
239
500
724
466
911
4
939
233
249
291
132
681
468
620
716
137
87
765
33
955
413
66
468
140
399
602
662
491
880
553
956
471
405
32
937
316
37
228
901
638
520
34
319
340
6
388
477
93
505
862
400
271
280
868
411
679
823
426
171
703
331
479
174
737
511
111
405
900
691
307
538
211
693
210
551
699
950
380
145
455
242
897
78
875
766
842
554
589
268
77
644
951
556
818
40
68
281
446
968
324
105
859
536
150
69
439
201
371
172
346
178
766
244
257
641
362
99
196
303
367
273
947
670
830
117
711
250
750
157
570
74
614
781
610
764
202
402
965
573
926
664
752
692
260
9
334
622
108
882
277
827
507
224
497
689
341
560
939
443
69
862
517
683
643
480
799
846
234
765
419
160
781
523
852
41
532
538
15
992
420
292
819
280
868
669
969
561
229
261
4
651
475
521
334
118
1
134
316
587
251
88
747
32
611
600
425
144
490
440
136
263
84
308
543
952
329
512
513
910
125
869
561
600
390
248
71
744
734
387
331
985
475
79
369
87
31
146
583
521
938
71
136
22
379
679
326
60
544
191
971
669
60
532
622
802
780
693
546
514
432
230
851
908
661
572
347
44
718
930
917
656
1
54
30
733
733
356
145
629
899
116
651
959
649
273
762
781
318
660
296
750
242
499
10
903
72
357
947
790
287
865
799
641
271
829
726
4
538
871
986
437
340
637
397
989
262
511
122
580
523
770
330
766
270
693
21
342
50
321
484
690
186
283
683
809
113
761
813
3
984
799
440
324
788
189
665
50
700
788
630
576
558
313
342
180
6
715
522
408
36
359
98
574
642
781
383
107
894
549
462
879
700
903
203
489
92
869
539
145
657
522
73
567
187
415
748
193
482
622
601
519
981
52
93
976
185
477
435
80
378
898
959
78
153
514
567
597
383
459
742
392
981
815
312
168
582
60
713
65
34
666
936
368
70
29
696
256
858
131
688
588
381
999
667
886
513
586
484
249
397
226
641
730
394
305
250
328
365
963
745
752
982
681
120
52
63
816
660
273
299
700
862
33
699
881
919
565
467
403
814
865
982
807
595
728
113
846
408
830
161
154
582
143
187
54
548
250
870
560
876
522
613
738
907
312
619
826
229
438
582
43
303
916
851
251
996
316
449
404
146
610
558
729
106
746
783
6
348
6
918
224
880
531
314
787
196
933
965
425
372
899
821
27
815
24
278
811
340
727
216
486
690
126
567
796
224
703
154
573
61
72
149
941
604
464
80
152
397
45
577
121
945
750
501
760
774
131
924
114
859
492
953
901
618
872
697
195
575
203
768
636
275
269
929
231
733
9
383
483
407
313
604
352
63
105
464
838
237
740
952
448
232
257
701
203
130
750
398
57
953
518
46
228
787
975
460
873
337
195
356
744
508
960
448
572
418
264
410
7
5
714
807
589
324
508
792
454
258
542
863
563
60
909
791
200
237
603
73
574
151
429
670
659
741
470
231
511
734
993
870
739
60
29
329
384
537
473
190
147
16
405
62
428
315
854
628
552
809
53
478
960
482
500
972
576
970
203
439
704
549
310
796
961
339
477
697
229
950
239
728
318
644
791
747
959
997
727
863
806
133
341
119
967
841
91
543
163
646
983
868
547
645
664
508
984
493
557
565
443
796
294
114
441
85
213
752
82
940
616
240
73
309
711
393
503
802
936
666
801
271
886
348
916
550
209
253
395
766
818
839
915
464
305
356
549
518
460
983
810
428
576
236
738
287
629
593
442
565
259
595
189
146
943
105
48
504
710
444
271
529
635
538
993
940
894
895
810
706
230
620
135
158
856
225
798
485
818
240
403
429
835
592
927
130
697
976
987
760
772
610
289
759
148
634
51
42
881
861
100
112
481
235
622
338
812
420
175
630
12
578
60
199
170
339
330
220
315
317
980
439
279
621
198
427
255
249
821
489
462
921
953
944
509
575
634
321
996
809
952
8
388
364
208
910
703
890
130
371
559
110
162
838
83
361
265
339
962
86
180
777
7
133
721
516
708
707
838
56
868
142
65
608
858
273
519
913
515
1
636
74
464
799
912
547
160
529
238
474
615
418
251
974
551
324
843
612
383
33
668
252
175
733
212
385
358
731
650
873
733
287
299
197
86
211
96
598
740
335
424
707
753
676
682
657
352
525
269
88
558
937
340
85
23
552
822
381
636
472
607
721
759
906
270
197
470
366
795
562
701
220
270
455
248
304
464
952
181
733
40
91
22
732
176
45
285
350
779
273
822
738
994
934
644
616
131
466
982
927
29
36
499
651
843
99
955
307
51
488
40
92
579
62
176
755
460
813
105
239
86
279
977
432
213
973
48
697
440
383
976
821
419
475
824
262
574
131
921
977
619
961
421
198
375
598
953
835
411
410
426
850
41
755
282
607
729
683
304
521
418
280
694
189
107
518
803
33
649
724
362
268
37
784
466
412
734
771
600
145
533
378
347
926
134
982
533
215
665
189
88
435
821
782
624
928
300
427
313
301
151
676
921
188
460
739
952
546
510
904
691
395
283
391
673
769
373
207
984
390
748
72
825
570
854
801
850
506
228
164
159
731
840
80
271
652
819
223
198
681
480
241
428
115
632
101
884
357
660
868
747
409
292
572
331
146
373
181
4
953
697
163
684
889
595
307
893
414
883
443
447
363
685
875
478
669
976
362
27
637
582
126
46
874
51
729
372
776
262
376
730
960
891
766
201
838
74
95
252
309
538
699
672
575
574
502
597
902
864
976
539
798
102
937
672
153
666
44
282
929
772
364
241
15
130
442
853
556
889
457
217
428
508
889
355
434
743
952
336
607
928
228
757
31
165
429
536
184
825
818
465
949
534
706
964
17
500
169
925
390
978
143
818
486
32
173
920
776
478
609
735
406
837
845
789
2
274
326
538
452
496
3
401
383
709
718
400
562
239
325
952
218
468
122
704
853
647
977
981
125
586
68
532
423
913
321
777
540
999
316
992
848
319
745
231
381
815
983
943
55
308
247
625
777
369
329
982
16
658
963
494
244
31
26
19
297
699
149
837
51
465
181
251
136
278
834
869
94
817
164
501
125
411
126
254
132
807
236
149
466
551
995
62
935
21
82
232
72
231
421
123
48
954
726
536
232
560
758
678
729
922
179
207
686
657
461
818
465
50
319
283
953
314
345
888
335
779
472
760
362
245
235
762
199
962
299
784
874
57
814
604
331
994
811
17
3
624
836
820
26
155
103
980
470
801
220
157
580
45
917
943
642
505
705
194
467
356
978
693
765
792
649
97
138
460
114
494
437
950
314
463
458
418
443
280
219
16
437
151
413
707
94
55
564
152
249
383
860
579
76
626
724
726
723
214
538
189
708
975
492
23
439
950
793
234
582
364
602
371
515
15
430
962
71
994
466
672
377
326
252
806
952
328
532
27
542
422
217
251
398
61
626
189
363
419
423
945
135
378
316
2
393
747
316
816
741
782
489
471
461
93
277
413
421
809
793
963
231
362
566
981
423
192
170
786
963
946
83
450
324
399
453
717
498
769
534
240
904
375
711
365
468
340
130
241
149
923
556
732
637
123
66
60
667
236
198
631
534
281
81
858
33
886
928
531
656
814
123
912
189
186
277
9
526
407
602
27
683
158
112
320
633
178
381
301
766
931
284
301
565
717
159
950
604
439
833
612
253
957
524
794
143
801
155
22
560
757
49
243
916
161
564
549
339
297
202
106
580
486
759
145
556
918
447
160
710
281
124
963
238
0
110
733
153
265
755
713
23
157
957
939
318
873
840
10
170
395
468
102
881
227
600
437
497
47
949
207
328
425
523
918
425
633
4
578
898
111
292
921
620
601
212
939
474
405
301
996
800
769
98
33
996
50
823
845
98
772
53
778
198
576
49
623
209
405
554
459
868
846
381
489
799
945
428
273
350
81
621
150
850
71
184
198
122
359
43
572
131
448
702
681
376
751
657
937
156
211
397
25
409
130
866
208
75
294
833
426
375
806
928
577
877
464
127
351
823
522
275
307
971
978
988
699
729
997
637
238
208
386
615
969
516
481
177
591
127
362
17
854
168
298
783
46
762
910
749
586
432
25
893
755
3
233
455
84
231
444
674
791
830
641
761
346
474
290
289
601
653
659
807
821
957
590
219
719
852
321
657
637
346
550
392
701
784
199
137
367
643
812
158
825
805
271
523
280
562
813
233
567
824
41
740
781
983
960
852
188
281
510
825
979
60
569
680
196
769
169
563
764
981
74
590
787
345
465
419
259
630
652
178
454
45
919
235
381
879
440
569
512
950
746
491
362
315
523
559
84
692
474
201
26
548
143
165
246
608
584
857
239
588
36
45
986
955
633
367
186
73
288
698
23
34
541
737
701
416
648
138
108
123
339
486
23
834
651
621
442
587
479
33
176
515
79
514
470
64
881
656
137
521
706
512
907
247
249
608
663
898
98
123
373
437
962
396
623
613
370
66
553
849
451
81
364
882
595
186
946
828
842
435
349
900
947
608
147
197
216
162
447
667
637
820
456
599
568
80
565
938
498
470
787
949
551
503
184
498
689
130
326
883
566
27
783
865
635
282
62
203
444
861
870
434
681
327
33
602
407
950
892
905
420
680
206
971
535
390
469
577
873
147
460
791
174
244
656
161
878
719
365
323
932
235
109
614
914
142
568
321
93
460
578
865
492
785
837
28
175
658
605
48
158
417
839
332
13
848
494
892
567
211
567
499
446
676
465
713
818
33
34
263
846
613
129
338
750
318
718
277
328
323
678
486
741
869
819
106
717
665
998
636
228
565
488
26
241
953
739
412
339
774
675
185
739
156
875
489
826
594
118
155
269
796
641
362
666
812
469
383
829
467
20
57
33
508
84
626
813
823
38
152
949
66
689
688
574
917
529
401
511
648
556
780
444
197
143
110
362
964
846
191
431
866
249
816
374
333
443
187
156
481
692
106
899
733
146
474
650
676
875
161
676
431
294
472
980
789
935
342
753
781
534
184
647
783
353
373
468
796
560
624
629
252
82
529
986
229
3
988
257
230
150
933
13
796
757
345
585
692
688
690
473
574
226
472
709
579
845
177
375
406
153
357
10
236
886
348
817
241
337
74
823
839
7
836
987
116
181
924
809
221
614
282
147
840
755
856
772
952
385
499
358
539
856
721
127
94
69
944
687
758
370
510
949
729
698
936
845
232
860
654
453
826
289
601
667
396
809
791
348
195
290
59
86
147
780
565
593
201
861
281
960
231
143
261
960
194
198
805
426
58
812
231
885
101
184
904
497
994
695
845
541
337
256
979
484
36
896
430
590
757
63
902
340
206
163
300
400
361
457
178
772
269
410
657
370
594
913
219
940
960
417
481
297
673
812
134
710
60
564
300
817
627
202
509
185
717
161
938
79
619
116
851
240
878
860
963
473
125
182
765
85
599
599
734
625
411
868
335
472
784
987
641
763
541
151
949
258
664
239
689
635
355
540
876
586
752
839
59
877
373
176
314
325
775
49
950
539
917
637
11
54
624
4
817
517
507
118
127
172
709
817
807
65
709
35
3
462
226
62
691
600
238
6
925
366
55
227
905
324
864
916
730
488
272
548
357
132
18
484
304
728
653
463
145
363
851
148
177
77
562
868
677
152
226
954
518
281
181
423
958
45
691
688
885
316
588
594
448
959
431
104
39
84
919
536
799
770
36
328
848
598
197
877
102
775
832
973
409
365
748
367
411
792
407
648
108
348
243
908
307
674
12
698
110
931
234
910
702
270
238
550
220
787
779
322
563
611
647
972
977
396
691
740
188
98
740
648
446
983
556
105
9
568
803
120
851
389
382
905
659
620
807
879
760
587
554
675
198
201
647
527
949
690
619
137
140
360
785
939
343
693
44
705
613
200
825
465
589
559
722
249
179
530
480
291
117
386
966
667
588
965
547
537
655
166
27
796
526
164
87
222
858
131
927
471
683
104
288
273
663
11
874
194
893
706
486
10
93
804
677
681
122
224
570
129
743
597
277
269
762
364
843
972
496
122
795
531
226
436
804
241
447
30
436
340
737
274
702
830
430
731
863
552
308
433
682
51
383
959
672
497
676
516
469
172
990
616
55
217
52
860
810
499
242
598
191
979
224
245
161
655
977
24
559
285
810
593
336
545
905
8
42
581
876
863
105
867
479
160
436
532
372
246
383
615
845
927
594
69
172
108
76
149
484
636
786
294
229
122
839
486
483
233
67
359
96
172
578
928
333
14
812
705
613
195
320
810
474
267
231
647
727
308
148
211
296
935
858
877
57
49
364
892
283
431
604
731
956
182
659
289
549
823
346
514
19
19
324
493
638
555
492
365
215
641
928
863
928
786
741
337
836
457
230
119
240
834
202
196
368
214
837
917
37
536
431
56
555
107
902
545
15
746
910
582
387
838
446
315
977
539
653
813
996
235
932
588
421
486
785
789
700
974
59
738
510
842
146
417
950
400
962
965
147
224
899
886
415
345
554
392
236
559
205
584
794
489
173
215
975
310
4
676
284
63
766
147
258
912
564
208
665
527
525
812
751
424
698
166
122
604
558
358
163
115
943
957
604
468
524
932
778
881
608
62
296
726
209
554
990
126
762
655
653
639
819
404
416
870
923
538
474
833
248
638
949
191
947
905
659
472
837
789
353
797
204
649
523
413
556
514
539
318
521
544
310
341
301
726
211
224
264
685
57
512
675
358
56
623
264
67
95
101
857
800
251
61
801
774
826
357
640
718
28
162
262
690
855
563
416
66
139
32
103
549
896
779
259
952
402
523
372
849
977
229
1
228
642
154
354
468
864
347
538
892
509
153
934
364
68
350
782
208
734
885
109
630
664
368
935
418
244
307
619
221
888
620
801
882
775
507
702
639
854
241
883
715
394
817
431
462
519
213
22
253
451
483
883
467
852
818
238
96
477
857
669
717
478
822
599
253
681
302
244
536
543
127
251
289
296
35
103
815
600
478
68
51
961
951
871
813
122
109
261
951
966
282
669
444
104
268
49
786
570
293
674
465
772
277
106
68
312
210
883
913
688
951
316
1
255
187
167
729
296
428
680
263
63
349
59
167
970
461
305
892
754
331
358
879
609
464
947
273
26
183
538
66
486
855
68
741
42
235
822
691
15
503
306
78
204
365
598
174
826
255
67
933
587
777
164
548
593
111
821
620
646
712
686
133
567
106
226
961
693
49
4
61
904
310
491
108
28
441
283
206
697
350
139
636
127
655
536
72
119
357
692
765
69
731
250
988
189
477
302
883
878
306
944
782
617
787
242
645
229
525
203
926
227
343
914
706
998
450
779
117
159
471
235
581
554
485
569
744
314
223
979
544
530
275
678
147
62
921
144
291
446
347
569
674
42
483
732
393
285
511
862
445
335
449
378
889
935
299
985
601
523
964
146
53
239
176
552
654
97
48
297
896
747
867
570
142
702
302
887
340
166
101
785
501
551
515
390
838
814
376
439
689
692
937
742
284
466
646
938
563
46
235
459
794
454
381
288
157
36
175
497
202
276
634
703
827
501
445
17
315
173
809
357
866
746
99
150
212
98
88
128
144
675
587
290
130
321
578
639
357
105
488
559
382
122
614
561
623
59
579
290
233
388
647
451
486
99
601
51
549
41
179
45
716
118
336
198
439
266
837
796
372
325
707
106
799
673
667
774
85
598
417
670
986
64
121
825
515
722
876
64
115
407
462
183
525
798
382
317
416
571
113
140
897
173
246
48
198
266
823
283
216
240
953
555
656
74
380
172
148
256
588
615
663
50
799
540
200
533
857
969
104
323
461
353
848
60
402
46
326
577
330
542
817
283
97
825
710
829
349
210
437
290
826
452
692
625
993
245
158
202
214
262
525
675
968
373
735
370
772
413
299
102
308
468
737
757
293
799
587
995
10
376
285
836
829
977
461
822
222
971
24
788
585
902
816
553
275
903
275
47
669
574
501
329
42
239
86
688
38
25
683
400
402
968
236
231
297
49
405
872
20
781
660
606
683
828
159
311
732
787
710
753
361
212
82
404
803
520
92
193
546
775
594
300
95
830
883
392
232
288
264
252
69
277
210
105
105
722
416
189
509
126
942
870
338
24
626
493
545
70
687
443
197
633
95
292
815
978
37
47
618
301
652
39
578
862
144
36
584
560
225
93
687
520
316
377
896
942
871
793
13
910
588
210
543
683
855
358
13
892
758
631
193
410
671
124
272
815
512
857
376
89
302
415
609
618
792
858
561
15
651
926
925
592
488
468
275
343
179
289
235
289
272
781
699
943
905
971
111
417
180
839
858
835
254
468
453
46
678
366
62
681
292
339
273
781
808
901
124
339
542
712
628
814
493
679
758
398
2
221
167
183
60
25
18
314
845
823
712
875
190
126
557
834
466
830
615
626
731
92
317
273
804
945
440
649
624
550
399
626
771
566
161
831
943
531
497
141
355
209
16
897
688
573
731
154
756
699
132
839
143
449
465
299
746
905
948
722
455
347
348
578
265
862
761
560
745
258
53
452
819
422
349
507
995
433
661
103
484
145
943
627
594
760
278
340
665
226
62
472
925
763
402
542
977
163
454
722
421
508
175
240
930
876
748
277
661
761
381
145
907
676
124
501
436
402
194
453
980
608
277
905
371
679
799
348
842
254
423
615
762
598
855
44
826
955
321
488
69
54
633
976
730
758
829
518
512
375
323
493
984
600
750
355
631
550
56
473
804
479
440
918
429
296
962
607
603
283
95
672
338
81
0
420
191
182
939
703
557
262
196
541
215
947
249
846
849
305
672
5
136
112
923
917
760
885
524
716
520
620
388
210
701
741
631
244
923
922
947
480
536
144
22
751
443
271
950
292
928
974
297
64
438
572
981
551
809
857
267
329
477
7
892
530
748
523
774
671
797
722
152
333
218
526
437
13
149
739
305
77
65
954
493
503
878
826
406
687
683
673
368
513
33
260
43
781
135
170
805
932
244
309
618
814
835
55
827
336
146
484
765
211
790
258
66
668
436
473
355
119
146
723
632
531
984
28
313
471
550
470
404
146
779
22
960
966
429
139
302
927
623
419
138
413
677
556
433
113
29
788
584
528
863
569
59
199
597
724
671
499
194
75
645
325
449
605
291
230
744
945
157
719
364
647
484
393
203
917
858
585
57
443
113
920
12
524
120
961
249
143
460
795
218
105
121
19
62
764
249
158
710
758
229
74
757
713
820
960
630
678
897
39
473
10
959
485
887
431
798
488
574
258
283
144
715
756
163
129
521
764
287
231
874
516
657
631
581
477
944
563
508
841
602
981
204
562
819
91
345
617
579
920
228
214
416
943
971
580
425
492
696
64
75
571
933
732
554
514
562
498
78
422
340
680
403
544
594
574
987
940
192
566
212
420
132
628
715
103
560
492
947
609
557
22
532
490
107
86
4
21
937
82
443
629
115
198
173
61
773
512
353
317
430
565
737
562
546
804
666
458
297
965
419
854
988
951
696
447
390
700
820
327
135
615
956
602
813
481
663
938
993
17
255
423
934
344
985
832
501
3
291
150
321
710
356
661
14
52
108
404
752
928
731
239
543
39
841
708
520
505
647
865
874
254
640
808
599
625
993
452
981
284
602
302
346
958
315
360
10
423
116
114
703
199
354
598
238
547
658
110
404
305
327
278
912
967
439
863
945
432
315
278
68
917
932
766
875
247
479
237
670
595
351
725
147
57
675
737
605
333
848
361
991
527
640
903
495
431
766
440
863
433
718
283
350
650
49
577
249
880
166
919
476
869
996
623
927
671
360
884
4
560
245
995
88
237
898
935
668
16
727
883
449
797
518
151
447
920
80
48
800
246
967
276
116
315
251
395
986
964
631
990
876
228
338
316
466
588
251
486
605
330
722
406
127
240
910
926
160
990
974
961
589
941
589
57
608
193
452
594
157
83
937
385
311
627
702
129
215
305
968
172
636
690
931
763
282
841
690
795
183
664
108
772
958
697
829
566
242
633
513
751
68
802
137
732
429
191
861
996
848
181
169
484
871
100
600
506
293
642
301
476
658
409
249
616
458
430
535
701
416
400
452
484
554
941
216
983
132
430
979
981
611
500
817
835
952
417
341
245
411
994
722
70
755
323
38
213
105
925
266
521
325
71
6
879
12
222
214
497
4
546
830
616
46
999
451
999
769
144
244
180
138
318
250
245
993
289
458
99
566
77
620
892
148
978
123
512
553
690
361
557
236
191
525
634
191
328
985
960
472
582
492
962
900
743
207
246
384
18
345
950
447
317
194
947
296
670
459
849
360
173
758
948
364
284
934
907
612
920
219
437
502
712
399
754
807
959
0
191
329
345
493
776
15
688
723
311
358
534
512
70
707
270
18
424
554
304
683
167
224
903
956
78
967
707
833
774
666
185
965
347
883
458
475
898
498
550
209
856
85
721
278
144
991
648
920
898
953
604
417
177
507
373
256
474
80
441
600
99
626
917
798
509
727
274
407
226
824
968
434
261
689
713
758
33
361
678
283
666
282
700
844
141
425
452
967
505
893
567
956
871
484
755
381
564
381
140
790
557
109
576
819
150
289
929
535
3
959
818
21
242
870
865
735
295
669
703
801
914
622
109
786
459
864
519
23
245
11
813
803
120
741
974
623
31
255
510
386
214
329
407
456
199
625
544
847
646
247
0
913
869
109
699
680
974
570
703
571
581
868
374
54
610
700
29
993
955
539
731
170
220
138
978
420
115
522
619
114
121
619
27
343
728
78
23
702
648
727
626
581
595
0
987
557
53
16
550
8
908
281
530
128
772
509
900
239
31
519
353
505
138
380
848
867
810
871
921
810
950
547
392
898
900
731
455
953
100
6
313
8
639
844
488
411
705
389
651
88
260
356
593
399
737
441
618
547
665
539
710
967
439
102
865
691
185
673
644
285
31
309
645
670
153
134
82
858
875
85
947
135
441
892
886
530
334
504
430
351
396
140
318
835
594
536
526
779
209
522
417
240
831
62
910
337
548
344
547
775
429
846
263
871
739
149
401
425
654
831
776
50
323
446
237
917
982
763
697
191
637
114
783
820
528
694
509
429
38
57
556
820
255
819
691
994
969
444
771
623
628
899
25
951
346
262
221
680
377
918
224
14
384
7
834
264
701
344
693
92
753
602
912
8
421
955
355
390
751
478
365
731
378
390
35
76
652
256
108
29
174
332
395
910
340
230
174
41
926
220
485
31
822
749
39
243
704
746
634
808
225
999
539
955
742
574
383
394
830
491
776
356
824
171
266
164
753
441
557
31
661
43
62
835
792
454
78
849
552
64
9
129
416
548
84
158
475
819
904
305
311
680
662
135
204
280
651
309
721
208
341
734
603
755
569
748
561
0
949
114
64
958
243
480
858
680
990
333
499
895
991
