5000
61
288
160
168
460
193
15
252
186
312
75
94
145
357
64
282
23
382
376
169
464
455
178
198
122
12
203
357
325
353
381
238
493
41
259
453
87
126
57
273
291
132
367
288
341
284
422
216
166
299
238
482
106
268
180
80
132
236
437
458
89
171
48
82
212
159
35
299
286
444
425
77
428
144
217
269
428
139
338
447
290
76
281
397
344
462
477
476
50
267
286
139
438
335
73
2
494
460
154
132
404
79
61
332
223
278
453
4
418
291
451
208
219
84
457
63
46
287
392
96
54
178
87
344
365
160
346
212
120
0
196
24
431
258
208
155
388
162
11
158
453
314
367
173
398
176
88
445
463
480
393
369
11
333
213
228
493
412
292
466
264
489
490
48
99
51
203
487
213
66
146
18
380
365
43
278
393
132
75
357
464
321
78
327
154
144
408
147
56
200
113
172
41
456
220
140
7
275
480
72
341
478
90
73
195
134
204
88
266
279
297
82
452
376
410
106
20
170
106
428
370
71
452
264
379
173
404
238
300
236
310
494
66
401
67
261
387
271
350
5
403
499
87
355
375
349
314
247
19
420
175
242
343
480
6
223
5
262
461
305
351
124
299
417
25
219
179
264
342
381
269
97
380
356
305
108
58
119
355
429
391
383
23
234
363
29
309
368
144
123
173
495
247
325
264
124
396
443
388
90
324
157
188
57
365
493
165
275
464
20
205
355
255
80
441
118
110
251
486
106
226
12
453
473
189
217
449
437
13
337
27
337
346
67
246
211
60
411
339
24
284
396
231
39
476
173
10
438
276
348
44
354
360
497
327
401
67
276
190
80
465
218
269
311
137
16
374
198
279
213
74
415
109
158
307
86
183
317
24
459
165
421
313
378
270
492
131
337
120
322
269
85
40
39
248
29
407
122
227
38
188
154
454
149
312
261
235
495
430
112
306
95
385
471
473
155
315
105
345
435
427
114
372
319
5
472
348
264
446
428
303
134
434
109
284
98
222
371
445
152
335
103
247
220
74
73
228
241
30
73
176
309
39
400
480
45
372
180
161
318
108
464
305
394
425
441
344
147
164
289
299
0
392
399
72
318
472
300
59
354
225
87
163
265
339
143
162
63
323
323
234
284
140
39
178
65
332
23
65
496
164
364
348
409
263
273
227
87
425
139
441
151
226
456
268
418
99
282
481
423
105
215
59
97
254
89
15
86
464
80
435
129
444
283
38
60
56
117
499
482
256
441
485
335
397
105
253
349
387
234
124
344
450
183
442
56
124
457
495
89
37
430
218
333
65
108
245
474
225
245
308
334
38
293
169
287
398
274
136
137
8
112
481
310
147
423
367
272
232
214
361
121
144
431
455
209
39
52
183
116
297
343
450
335
136
471
475
386
97
111
375
106
76
357
268
223
132
487
495
217
201
356
338
345
287
145
407
178
198
442
295
495
286
97
183
274
421
158
13
18
121
388
476
197
97
245
273
230
84
268
299
286
125
137
483
264
283
242
443
333
185
238
328
323
187
363
449
108
373
314
127
495
55
455
44
152
200
317
234
285
438
33
423
63
23
406
179
306
149
122
491
186
212
171
361
400
35
310
360
408
125
339
255
32
295
152
184
347
321
271
484
259
156
259
174
179
166
354
337
167
476
328
353
41
0
214
293
387
376
5
147
353
345
403
385
492
407
422
191
228
45
176
488
201
435
162
381
453
368
218
120
197
47
325
238
399
391
31
286
120
388
433
325
233
188
211
77
95
485
269
176
30
297
164
231
84
178
112
38
47
183
10
96
230
188
334
481
431
217
267
51
105
52
377
191
241
440
268
336
277
389
12
307
186
28
390
271
59
355
161
458
38
23
54
120
63
240
101
495
457
220
398
414
272
275
105
13
67
226
202
344
115
66
3
302
95
394
425
6
249
438
316
139
461
370
259
377
110
360
372
419
432
270
333
204
398
291
218
317
17
420
162
484
486
17
138
433
263
63
291
364
1
107
3
315
329
262
192
439
474
416
210
406
38
396
111
436
187
181
254
56
101
268
40
439
137
179
225
401
94
16
265
448
476
269
263
305
383
307
97
210
75
307
468
113
203
79
50
242
112
156
298
65
276
191
5
413
370
82
166
316
98
432
264
426
53
379
232
436
186
329
146
261
488
115
227
44
46
129
286
159
285
437
224
413
128
81
178
350
163
345
166
114
277
431
40
330
310
124
118
349
453
265
462
294
232
189
338
130
318
124
289
455
61
366
220
41
299
399
391
315
244
58
429
373
489
321
203
151
446
321
0
251
438
463
45
170
4
235
301
175
360
442
130
273
160
351
315
312
250
206
127
346
116
408
219
457
229
274
109
27
95
461
131
386
276
28
56
281
264
209
456
476
4
438
249
16
289
64
328
391
123
455
89
239
363
308
197
445
82
306
324
30
267
307
416
44
188
324
177
452
386
485
280
242
423
29
110
65
446
439
308
69
246
398
160
462
58
357
259
493
15
83
23
135
243
291
31
431
467
60
235
205
45
15
447
468
396
58
33
342
349
342
263
95
240
276
409
298
133
168
291
1
104
166
488
347
309
19
130
277
79
365
482
124
380
282
444
276
192
478
471
41
320
86
488
412
362
398
62
348
418
206
349
22
224
337
221
34
208
351
163
139
216
145
115
448
279
59
77
471
389
400
364
209
486
353
473
349
103
388
49
21
94
250
396
318
439
117
352
147
321
367
138
389
13
253
338
144
164
267
468
54
167
332
115
5
37
89
206
492
477
255
14
423
5
262
241
444
379
446
443
200
313
81
442
178
186
132
323
351
399
143
257
418
475
372
423
365
461
130
357
290
237
371
213
95
133
307
39
365
253
335
417
418
268
359
97
307
343
272
158
242
415
267
160
242
139
436
107
101
418
465
243
155
188
457
250
174
264
142
391
369
329
308
287
97
20
236
404
363
360
414
458
275
181
470
370
321
406
477
274
176
294
17
332
483
326
434
9
442
428
400
311
257
60
451
355
432
39
111
296
400
26
106
27
59
76
397
232
335
375
6
363
21
376
195
4
54
482
365
497
410
265
160
168
326
463
375
258
3
486
406
403
364
364
282
424
441
180
8
128
407
367
491
428
243
39
285
149
373
150
498
283
416
11
303
94
474
178
204
477
17
111
232
381
327
15
157
268
47
166
248
454
33
92
234
128
131
19
277
4
170
128
139
438
139
443
384
113
473
88
443
490
51
27
224
379
394
381
499
441
399
100
395
432
192
482
412
323
1
42
179
23
170
318
313
309
113
197
422
87
138
217
429
41
245
153
420
139
387
272
433
138
372
328
423
64
162
335
239
164
377
418
39
47
88
353
208
202
402
483
141
392
200
70
434
297
76
206
289
315
478
222
453
350
402
376
266
65
212
5
81
441
423
120
341
12
325
49
66
80
32
207
472
85
277
406
382
205
113
23
20
443
245
474
146
148
202
412
213
414
418
294
208
193
266
49
205
92
98
271
24
483
330
496
420
108
255
154
165
220
178
186
163
423
12
309
423
214
74
488
129
492
282
189
185
401
238
243
345
188
366
369
171
197
365
91
157
472
246
322
192
276
8
208
199
372
369
475
87
443
463
68
435
98
257
473
499
495
68
344
183
434
65
207
131
282
150
140
255
248
463
299
24
323
359
76
196
229
51
283
172
366
351
460
464
460
285
315
455
353
11
490
287
76
197
271
359
200
411
466
448
226
265
473
50
477
401
246
206
452
381
230
318
84
42
135
44
327
450
499
32
462
341
172
390
391
443
249
91
206
67
39
285
185
364
335
162
265
433
368
217
314
450
388
250
493
375
294
172
325
145
57
139
486
229
30
377
24
131
320
230
199
360
367
384
224
202
398
490
487
118
59
153
68
299
403
413
174
49
438
352
194
495
343
33
224
373
262
248
357
83
330
56
443
50
292
19
252
42
9
92
160
421
245
228
72
1
494
99
50
432
451
97
279
146
130
355
372
392
455
229
475
137
137
270
187
281
290
292
323
151
384
483
72
481
63
497
334
57
96
385
341
399
482
120
45
464
475
417
356
282
498
332
420
135
102
107
416
392
399
239
396
283
74
320
117
138
317
451
47
413
188
389
164
22
361
62
486
189
479
343
471
478
27
391
465
481
499
382
226
398
473
122
34
48
442
3
38
112
454
85
377
495
474
42
17
188
104
356
377
435
51
348
265
78
240
231
411
91
113
137
489
438
111
375
338
54
378
376
18
185
462
395
180
288
437
49
476
393
405
353
329
456
54
94
386
146
325
150
237
290
287
226
81
399
454
419
305
332
296
323
369
110
70
49
398
8
99
227
253
356
80
82
165
486
29
403
132
206
53
369
349
341
448
430
92
402
349
249
86
497
72
456
107
142
357
6
2
308
233
256
165
165
190
330
152
71
233
284
130
287
6
479
480
454
409
72
208
110
173
294
108
97
102
215
91
460
73
94
120
306
202
285
324
244
115
476
168
201
112
298
340
118
277
320
72
38
244
280
0
417
427
108
14
381
176
457
193
249
51
314
408
105
99
232
202
67
208
370
120
172
168
460
291
297
132
215
187
376
348
187
145
127
148
11
8
324
468
54
425
372
368
333
329
319
417
31
386
477
253
358
150
421
318
293
70
302
8
257
178
208
445
175
335
93
186
196
269
7
250
194
379
470
380
208
289
297
92
28
275
345
386
425
119
57
70
189
359
78
447
390
139
244
65
326
189
104
22
458
111
124
4
342
446
384
402
236
34
494
116
161
192
354
438
311
411
8
352
123
438
151
365
77
395
282
404
84
386
278
394
349
255
251
43
201
487
446
289
21
440
405
182
484
260
120
295
23
128
148
146
67
299
363
496
47
146
252
483
384
31
230
234
138
481
129
339
468
75
129
490
368
386
24
352
146
497
148
22
477
148
20
44
299
384
393
198
30
145
34
414
28
264
0
166
245
130
358
65
205
339
407
425
225
432
278
224
429
278
246
406
278
266
303
429
2
48
128
32
45
162
299
74
426
151
92
23
281
450
88
339
141
496
264
219
280
394
443
61
24
41
467
302
307
122
232
162
22
360
194
68
374
345
142
152
497
86
175
278
389
115
469
30
111
86
249
391
480
44
452
357
85
272
159
245
246
391
407
269
103
453
189
329
299
183
481
296
269
156
426
158
272
396
41
235
334
290
127
166
335
431
23
272
55
183
17
302
426
424
423
382
230
112
211
29
295
193
325
416
349
103
75
473
351
468
209
185
258
188
352
445
471
375
70
27
410
87
181
337
364
456
71
94
420
282
475
67
475
152
483
177
255
410
2
107
378
63
144
489
251
496
286
75
224
208
454
486
296
487
175
12
443
246
458
215
29
433
282
4
85
117
33
192
380
36
299
110
99
444
451
203
292
90
130
368
298
84
355
446
71
382
458
366
129
268
81
158
201
215
14
138
332
48
331
64
436
482
175
387
426
126
90
71
68
220
291
367
156
498
313
227
381
124
93
10
392
26
20
94
241
34
84
426
434
415
490
222
398
17
110
176
496
52
99
64
125
391
283
281
389
97
361
122
221
306
132
113
333
4
59
426
39
144
352
325
411
195
48
309
212
10
486
60
62
85
477
39
328
260
173
70
357
34
192
430
192
177
396
25
181
307
452
72
451
156
250
363
203
298
24
268
160
362
328
74
300
305
114
128
66
287
50
275
173
243
206
365
272
102
243
305
409
195
378
213
203
480
428
407
278
452
175
290
167
355
364
467
161
478
95
79
117
146
354
290
241
412
8
365
366
251
170
128
298
400
341
1
380
121
260
10
425
287
300
92
143
165
59
156
495
7
235
465
5
441
255
246
206
115
111
72
366
281
200
164
34
393
18
414
366
278
425
292
66
225
236
61
242
296
217
90
155
304
55
160
97
162
406
303
278
369
376
144
2
428
161
36
174
179
303
40
309
228
184
375
305
421
436
400
69
5
490
224
309
45
384
407
207
142
210
337
363
438
482
365
219
495
254
393
174
57
285
483
137
470
211
442
391
499
342
460
5
332
36
314
229
272
73
289
414
136
126
129
74
460
346
145
455
100
390
129
9
176
465
146
146
176
89
389
175
283
201
180
468
237
347
49
9
272
338
275
408
465
404
335
425
250
480
233
203
223
362
212
399
327
359
397
355
300
138
31
435
339
63
255
428
262
305
437
35
143
212
443
460
468
130
238
70
463
471
273
186
185
486
437
365
197
334
220
497
324
103
284
163
167
40
91
429
345
380
316
340
444
112
301
412
242
391
482
57
214
108
243
399
94
180
264
291
366
485
140
190
440
424
205
107
316
296
389
161
28
205
354
472
169
7
236
264
398
71
321
112
179
65
11
125
97
128
268
316
465
408
6
405
184
64
365
1
212
254
14
241
311
368
65
481
227
302
245
125
373
418
89
404
335
453
29
433
81
297
249
398
57
107
303
241
171
168
94
236
274
461
477
86
329
42
419
57
196
16
34
421
286
124
325
122
429
206
55
362
3
156
260
412
115
415
6
139
84
100
375
210
61
204
148
243
246
419
152
443
435
38
216
222
162
42
344
443
100
251
305
456
259
65
368
226
481
374
365
417
327
92
127
240
296
128
483
395
47
487
190
483
26
406
57
40
300
253
484
401
356
289
209
467
207
77
193
40
304
411
457
131
355
436
371
4
64
207
399
112
46
441
447
72
199
356
465
0
461
449
253
317
90
462
136
149
391
329
189
195
92
498
178
448
435
50
452
351
109
203
315
155
144
262
80
343
470
45
195
431
346
448
100
436
262
236
438
6
418
127
201
10
478
380
310
413
282
262
116
243
465
432
398
461
46
478
305
17
23
0
300
369
301
253
158
415
489
448
421
259
427
475
122
405
207
432
318
489
195
435
232
12
367
482
474
265
313
131
282
336
483
83
58
136
336
68
404
177
16
325
289
443
152
411
349
359
343
19
200
390
306
284
255
25
119
229
291
432
212
73
120
195
8
178
184
196
246
88
226
114
265
15
410
418
426
259
129
121
130
182
12
437
318
267
462
437
348
253
369
412
179
490
459
187
20
143
236
119
231
462
233
349
329
143
119
107
254
248
228
385
282
92
322
101
211
136
390
411
390
260
323
69
102
283
108
474
278
196
93
10
158
179
211
339
174
330
446
429
78
27
166
213
119
340
314
183
476
204
94
366
316
270
287
270
53
248
245
331
444
190
193
455
369
404
146
44
234
93
325
165
472
491
230
91
183
44
126
159
100
221
378
269
343
17
39
396
265
136
79
62
327
125
17
48
381
163
444
468
108
269
485
80
112
215
24
295
111
150
455
211
223
185
332
66
202
224
314
468
360
246
30
39
223
399
88
104
414
384
424
375
154
409
455
118
124
331
414
87
334
221
151
57
406
483
476
108
207
142
428
420
388
310
459
463
61
399
68
328
284
344
203
290
254
10
408
230
342
174
318
176
247
321
85
5
304
61
466
364
56
394
284
444
57
95
260
118
347
328
446
483
24
149
273
278
160
33
361
354
60
31
382
159
352
467
165
8
381
131
372
437
377
156
233
434
252
493
405
451
173
351
434
198
353
59
328
365
444
41
219
4
72
101
16
276
420
181
285
153
164
157
442
393
166
28
328
418
373
233
221
47
436
155
97
289
214
277
154
158
319
225
15
243
178
31
372
99
64
157
104
80
166
47
473
332
75
153
102
300
238
323
347
175
330
296
316
396
426
471
55
245
48
422
340
227
305
212
178
221
221
282
301
388
181
126
72
108
280
175
409
370
350
108
397
181
405
214
77
331
37
484
428
85
258
120
164
415
333
342
136
406
125
437
146
158
416
219
267
196
246
176
418
448
284
316
481
41
382
411
224
271
395
152
356
6
273
373
421
458
215
58
216
192
347
363
351
115
434
118
311
180
146
82
480
282
398
462
324
132
373
48
403
120
53
259
478
178
484
400
488
200
310
204
392
9
67
95
125
1
65
288
33
63
370
366
346
120
328
22
252
53
422
155
25
327
267
4
5
251
256
493
303
418
198
48
427
117
143
404
471
61
45
356
124
267
222
470
388
402
344
492
307
267
148
333
94
267
189
452
370
445
445
174
215
495
222
494
465
217
399
288
278
296
144
403
63
367
225
451
121
70
444
429
189
444
114
135
63
303
87
433
100
385
107
315
380
181
161
197
399
60
485
29
208
130
432
272
349
10
75
322
432
19
251
121
315
365
256
378
20
196
164
120
81
271
287
313
305
449
11
56
361
496
85
70
478
370
342
179
380
417
2
164
289
105
285
456
323
393
187
343
441
351
316
22
474
103
336
279
404
199
335
266
47
421
188
26
291
382
57
23
151
59
187
440
17
324
249
340
69
436
183
11
139
499
33
113
455
221
245
359
420
432
477
468
205
165
346
348
47
403
371
199
315
410
491
332
86
92
24
156
28
59
167
19
411
52
133
366
126
230
77
46
162
407
14
220
72
212
68
472
116
292
23
283
202
366
467
289
459
491
297
339
50
316
359
461
220
344
179
346
74
257
393
88
16
259
308
440
472
229
264
440
21
287
75
75
6
42
216
317
33
13
8
435
181
219
397
402
63
428
248
489
37
493
430
53
253
238
494
77
319
258
369
340
398
444
268
404
486
484
73
371
350
81
306
31
301
55
433
216
484
182
206
21
175
136
427
280
226
421
209
46
179
430
238
77
226
6
333
64
491
406
435
341
340
94
224
141
1
158
357
337
192
415
359
219
403
286
0
130
59
61
28
238
344
266
168
70
125
353
135
116
260
422
309
452
368
385
93
370
43
302
207
235
70
418
455
473
56
307
455
115
220
483
206
64
102
374
135
227
227
122
195
339
44
356
291
413
93
236
135
137
39
342
224
461
113
31
434
169
338
390
285
59
225
343
475
179
217
110
258
296
232
305
136
129
13
279
394
107
16
29
96
407
223
320
368
336
352
154
358
42
396
495
101
122
338
77
153
407
39
264
203
124
69
191
105
435
323
499
42
339
380
138
98
103
310
466
292
162
472
150
205
369
497
158
343
335
87
496
94
127
260
297
103
182
341
208
117
164
207
11
355
439
1
453
42
311
271
186
474
243
188
31
112
185
189
307
372
277
304
466
256
416
116
359
450
457
67
419
473
126
430
328
65
431
133
459
243
404
146
69
499
186
100
464
372
289
271
244
66
427
63
174
344
179
33
146
488
452
66
313
430
348
493
495
280
126
307
375
382
305
444
381
491
44
345
363
185
117
460
104
396
375
278
92
406
312
239
394
116
157
59
47
5
52
394
137
178
201
12
412
6
456
293
498
352
491
213
38
460
25
142
356
400
420
449
306
84
40
52
201
197
111
248
202
163
142
340
193
196
204
105
202
13
251
52
365
94
266
255
54
143
249
262
44
170
211
202
106
251
255
307
300
218
407
355
234
402
47
427
98
251
385
152
264
488
205
482
82
323
237
488
466
487
250
362
9
462
65
467
65
172
127
218
390
34
73
124
288
120
404
386
371
141
39
488
129
96
470
63
419
59
51
237
46
301
100
407
115
165
375
33
337
2
103
79
388
176
204
177
148
108
415
371
249
306
359
230
402
329
293
321
389
196
59
287
349
159
47
317
176
422
350
365
276
453
444
16
481
0
45
129
108
461
0
209
267
212
291
170
393
436
343
282
132
254
422
482
265
469
299
441
243
1
158
371
306
455
387
139
455
285
268
416
246
120
125
365
184
417
387
78
353
83
360
338
337
134
172
103
455
471
396
198
324
55
421
130
362
309
269
317
94
389
233
192
361
211
409
46
480
297
124
185
380
336
23
217
471
47
172
278
18
69
477
194
476
398
324
338
59
445
7
5
186
93
49
48
156
459
446
136
108
422
173
488
258
49
57
81
96
82
360
467
151
189
161
479
87
338
169
499
283
28
4
470
121
54
370
277
365
316
265
473
238
291
313
348
340
222
282
288
304
142
255
307
183
417
138
270
255
307
121
390
336
478
212
309
384
434
439
249
250
56
74
340
347
387
41
39
109
323
328
266
317
83
73
0
352
212
122
459
371
244
202
59
222
414
369
458
349
160
207
451
216
281
144
64
20
185
455
129
360
283
395
177
219
321
177
423
385
151
383
256
395
437
316
469
203
37
427
404
197
486
356
413
267
352
329
287
389
285
269
101
420
16
278
139
189
307
63
74
458
298
331
206
87
499
27
290
36
455
195
85
441
403
498
61
107
180
200
496
465
321
97
385
338
227
377
379
386
292
454
344
442
137
402
29
488
430
319
376
385
14
461
178
269
311
91
376
491
292
372
308
113
321
46
303
400
423
183
286
67
489
131
9
126
385
38
114
315
357
342
52
224
303
231
345
114
322
222
458
466
446
118
432
268
164
235
168
439
270
455
358
259
438
367
237
323
405
203
491
115
45
43
191
348
126
36
315
301
258
125
267
57
243
199
325
260
287
345
51
409
152
410
169
442
277
258
118
35
462
109
2
359
4
193
60
131
81
375
284
340
352
51
397
447
103
74
59
242
271
111
151
276
373
172
70
2
431
188
389
245
149
391
104
154
84
16
137
166
391
421
358
95
324
107
395
279
33
454
21
156
417
25
432
290
197
3
145
480
191
34
77
193
426
34
347
362
50
336
380
294
257
90
241
433
49
136
213
82
91
86
239
8
111
23
151
161
26
296
493
70
182
423
263
460
457
462
323
359
298
55
5
407
498
247
340
47
383
405
130
474
492
221
335
455
244
338
116
123
486
462
45
168
385
308
129
194
122
304
405
272
211
411
31
209
158
223
257
41
129
239
368
473
312
55
428
408
393
397
31
379
211
76
399
448
236
28
142
210
184
399
482
396
310
365
457
320
89
214
214
70
305
82
43
469
489
323
378
382
72
409
113
283
338
12
83
74
393
77
137
77
477
119
325
287
337
283
108
426
349
322
496
155
256
391
124
245
214
354
479
139
264
92
274
454
456
358
380
349
435
17
427
264
489
104
52
326
387
12
252
237
186
100
244
294
491
220
391
57
75
370
48
191
314
323
145
270
33
25
472
320
43
399
85
32
3
489
210
243
353
462
480
39
414
76
185
405
296
76
314
371
298
363
62
464
38
59
86
71
85
58
391
480
309
328
364
165
317
74
408
170
388
240
61
302
316
98
59
464
174
225
188
324
88
102
140
478
162
227
49
99
285
293
79
447
121
443
112
291
369
20
461
257
260
375
411
428
473
322
392
0
47
432
176
488
35
317
466
197
396
16
296
33
161
227
480
134
170
92
425
391
112
239
0
224
466
411
4
439
233
249
291
132
181
468
120
216
137
87
265
33
455
413
66
468
140
399
102
162
491
380
53
456
471
405
32
