15000
1061
288
160
668
1460
693
515
252
1186
812
1075
94
1145
1357
64
782
23
1382
876
1169
964
1455
178
698
1122
1012
203
1357
1325
353
1381
1238
993
41
759
953
1087
126
57
773
1291
1132
867
1288
1341
1284
922
216
1166
299
238
982
606
768
180
580
632
736
437
458
1089
671
548
582
712
159
35
299
286
444
1425
77
428
1144
217
269
928
1139
838
947
290
1076
781
897
344
962
1477
976
550
767
286
139
1438
835
1073
1002
994
1460
154
132
404
79
561
832
1223
778
1453
1004
418
791
451
708
719
84
457
1063
1046
787
892
96
54
1178
587
344
865
160
1346
712
120
0
1196
524
431
258
208
155
1388
162
11
658
953
814
1367
173
898
676
88
445
1463
980
893
369
1011
333
713
728
493
912
292
966
1264
1489
1490
548
599
551
703
487
713
1066
1146
518
380
1365
1043
1278
893
1132
575
857
964
321
78
827
654
1144
408
1147
556
700
613
672
1041
956
1220
140
7
775
980
1072
341
978
90
1073
1195
1134
1204
588
766
279
297
582
952
376
1410
106
20
670
106
928
1370
1071
452
1264
879
173
1404
1238
1300
1236
810
494
1066
901
67
761
887
1271
1350
505
403
499
1087
1355
875
1349
314
1247
519
420
675
742
343
1480
506
1223
505
762
961
305
851
624
799
417
25
1219
1179
1264
1342
1381
269
597
380
1356
805
108
58
1119
1355
929
391
883
523
734
863
1029
809
1368
644
623
173
1495
1247
1325
764
124
1396
443
1388
90
324
157
688
1057
365
1493
1165
775
1464
1020
205
355
755
1080
1441
118
610
751
1486
106
226
512
453
1473
689
1217
449
937
513
337
1027
837
846
567
746
1211
560
411
839
524
284
1396
1231
1039
976
1173
10
438
776
348
544
1354
860
997
1327
401
1067
276
190
80
965
1218
1269
311
637
516
374
1198
1279
1213
574
415
1109
658
307
586
683
317
1024
1459
665
421
1313
378
270
1492
1131
1337
620
1322
269
85
1040
39
748
529
907
1122
227
1038
1188
1154
1454
1149
312
261
235
995
930
112
1306
95
885
1471
473
1155
315
105
1345
935
1427
114
1372
1319
505
972
348
264
946
928
1303
634
934
109
284
98
722
871
1445
152
1335
103
247
720
74
1073
728
741
30
573
176
309
1039
400
480
45
1372
1180
661
818
608
464
305
394
925
941
844
147
664
789
299
500
892
899
72
1318
472
800
559
854
225
1087
1163
1265
339
143
162
563
1323
823
234
784
140
539
1178
1065
332
523
65
996
164
364
348
1409
1263
773
1227
587
425
639
1441
651
226
1456
768
918
99
1282
1481
1423
605
215
1059
1097
754
1089
1015
1086
464
1080
935
629
1444
1283
538
60
556
617
999
982
1256
941
485
335
897
105
1253
1349
1387
1234
124
844
1450
1183
442
1056
1124
1457
995
89
1037
430
718
1333
565
108
245
1474
725
1245
1308
834
1038
293
1169
787
398
1274
636
637
1008
1112
1481
1310
1147
423
867
772
732
714
861
621
1144
431
455
209
539
1052
183
116
797
343
950
335
636
971
1475
1386
1097
611
875
606
576
857
768
223
132
487
995
1217
1201
356
338
845
787
1145
1407
178
698
442
295
1495
786
97
683
274
1421
658
513
1018
121
1388
476
697
1097
1245
1273
1230
584
768
1299
286
1125
137
1483
764
1283
242
943
833
685
1238
828
323
187
363
949
108
1373
314
1127
1495
555
455
1044
152
200
817
234
785
438
33
1423
63
523
1406
1179
306
149
622
1491
1186
712
1171
361
900
35
1310
1360
1408
125
1339
255
1032
295
152
1184
847
1321
271
484
259
656
759
674
1179
666
354
337
1167
976
328
853
541
0
1214
293
387
1376
505
647
353
345
903
1385
992
1407
1422
691
1228
545
1176
1488
1201
435
662
881
1453
1368
1218
1120
1197
47
825
238
399
891
531
786
1120
1388
1433
325
233
1188
211
77
1095
485
769
1176
1030
797
1164
731
84
678
112
38
547
183
10
596
230
1188
834
981
931
217
267
551
105
552
877
691
241
1440
768
1336
777
389
1012
307
1186
1028
1390
1271
559
355
161
1458
538
523
554
1120
563
240
601
1495
457
1220
898
914
272
275
105
513
567
1226
702
1344
115
566
503
1302
95
394
1425
1006
749
438
1316
139
961
370
1259
377
610
360
372
1419
432
1270
833
704
398
1291
1218
1317
1017
420
1162
1484
986
517
138
1433
1263
63
1291
864
501
1107
1003
315
329
762
692
939
1474
1416
1210
406
38
896
1111
436
687
1181
254
556
101
268
540
1439
1137
679
225
901
1094
16
265
448
1476
1269
763
305
883
307
97
1210
575
1307
468
613
703
79
1050
242
112
156
798
565
776
191
505
413
870
1082
166
816
1098
432
1264
1426
553
879
232
1436
1186
329
1146
261
488
115
1227
44
546
1129
286
659
1285
1437
1224
913
128
581
178
1350
163
345
666
114
777
431
40
1330
1310
624
118
1349
953
1265
462
294
232
189
338
1130
1318
624
289
1455
561
366
1220
1041
1299
1399
891
315
244
58
429
1373
489
821
1203
651
1446
1321
500
1251
1438
963
45
170
4
735
1301
175
1360
442
130
773
1160
1351
315
1312
1250
1206
127
346
116
908
219
957
229
274
109
527
95
961
631
386
776
1028
556
781
264
709
956
476
4
1438
1249
16
1289
64
1328
1391
123
1455
589
239
863
808
1197
1445
1082
1306
824
30
767
307
416
44
188
1324
1177
452
886
985
1280
1242
923
1029
110
1065
1446
1439
1308
69
246
398
660
1462
58
357
259
1493
515
1083
23
135
243
791
531
431
967
560
1235
705
45
1015
447
968
896
558
533
842
849
342
1263
1095
740
776
1409
798
1133
168
791
501
104
1166
988
347
809
19
1130
277
579
865
982
624
380
282
444
1276
1192
978
971
541
1320
1086
488
912
362
398
562
348
918
206
849
1022
224
337
221
1034
708
1351
163
139
716
1145
1115
1448
279
59
77
1471
1389
1400
864
1209
986
1353
973
1349
603
388
549
21
594
250
1396
818
939
117
352
147
321
867
638
1389
513
253
1338
1144
664
267
1468
554
167
832
615
5
1037
89
206
492
477
755
514
1423
1005
762
741
444
879
1446
943
1200
813
81
1442
178
686
132
1323
1351
399
143
757
918
975
1372
923
865
1461
1130
1357
790
737
371
713
595
1133
307
1039
865
253
835
917
1418
1268
859
97
807
1343
272
658
242
415
267
1160
242
139
936
1107
101
918
965
1243
155
188
457
750
174
764
642
1391
1369
329
808
1287
97
520
236
904
363
860
414
958
1275
681
970
370
821
406
1477
1274
176
1294
1017
332
1483
326
1434
509
1442
928
400
1311
1257
60
1451
1355
932
539
1111
1296
1400
26
1106
27
1059
576
397
732
1335
375
506
363
521
376
695
504
1054
982
1365
997
410
265
1160
168
326
1463
375
1258
503
1486
1406
403
364
1364
782
1424
441
1180
1008
628
407
367
991
928
743
539
285
649
373
150
498
783
416
511
1303
1094
474
178
1204
977
517
1111
232
881
1327
1015
1157
268
1047
666
1248
1454
1033
1092
1234
628
131
19
1277
504
170
628
139
938
1139
1443
884
113
473
588
1443
990
551
527
724
379
394
381
999
1441
1399
1100
1395
932
692
1482
412
823
1
542
179
523
1170
318
313
809
613
1197
922
1087
638
1217
929
41
245
153
420
639
887
272
933
1138
1372
828
923
564
1162
1335
239
1164
377
418
539
47
1088
853
1208
202
902
983
141
392
700
1070
434
1297
76
1206
789
1315
1478
222
953
1350
1402
376
766
1065
212
1005
1081
941
1423
120
1341
1012
1325
1049
66
1080
532
207
1472
85
1277
406
1382
205
113
1023
20
443
1245
974
646
1148
202
1412
713
414
918
294
208
1193
766
49
705
592
1098
771
524
483
1330
496
920
1108
1255
1154
165
220
678
186
663
423
12
1309
423
214
74
1488
629
992
282
1189
685
1401
1238
243
845
1188
1366
1369
171
1197
365
1091
1157
472
746
1322
692
276
8
208
699
372
369
1475
587
443
1463
68
1435
598
1257
973
499
995
68
1344
683
1434
65
1207
1131
782
1150
1140
1255
748
963
799
1024
1323
1359
576
196
229
551
783
672
866
851
960
1464
960
785
815
455
853
1011
1490
787
1076
1197
771
359
1200
411
466
448
226
1265
1473
50
1477
901
246
206
1452
1381
1230
818
1084
1042
1135
544
327
450
999
32
1462
1341
1172
1390
1391
443
249
1091
1206
1067
39
285
1185
364
335
1162
1265
933
1368
1217
814
1450
888
750
993
875
1294
172
1325
1145
557
139
986
229
30
877
1024
631
820
730
199
860
1367
1384
1224
202
1398
990
1487
118
1059
1153
68
799
403
1413
174
549
438
352
194
995
843
33
1224
873
1262
748
357
583
330
556
1443
550
792
19
752
1042
1009
1092
1160
921
745
1228
572
1
1494
1099
550
432
1451
1097
279
1146
1130
355
872
892
1455
1229
1475
637
637
270
1187
281
290
792
1323
151
384
983
1072
1481
1063
497
334
1057
96
885
341
399
482
620
45
464
975
917
1356
1282
998
1332
420
135
102
107
416
392
899
239
896
1283
74
820
117
1138
1317
451
1047
1413
188
1389
664
1022
861
1062
1486
689
479
1343
471
1478
27
891
465
481
999
882
1226
398
1473
622
534
48
1442
1003
38
112
1454
1085
377
495
974
1042
17
688
604
356
1377
1435
551
348
265
578
1240
731
1411
1091
113
1137
1489
438
611
875
838
554
378
876
1018
685
462
1395
1180
288
937
49
976
393
405
853
329
956
54
594
386
146
1325
650
1237
290
287
1226
1081
899
954
419
305
1332
1296
1323
869
610
70
549
898
1008
599
727
253
1356
80
582
1165
486
29
403
632
206
1053
369
849
1341
448
430
1092
1402
849
249
86
997
72
956
107
142
357
1006
2
1308
233
256
1165
665
1190
830
1152
71
1233
284
630
787
1006
1479
980
1454
409
572
208
110
1173
294
1108
97
102
1215
591
460
1073
594
620
1306
1202
285
824
1244
1115
476
168
1201
1112
798
840
618
777
320
572
38
1244
780
500
917
1427
108
1014
381
176
457
1193
1249
1051
314
1408
1105
599
732
1202
567
1208
1370
620
1172
668
1460
291
297
632
1215
687
376
848
1187
145
1127
148
11
8
324
468
54
425
372
368
333
329
1319
1417
31
386
1477
253
1358
1150
921
1318
293
70
802
8
757
1178
1208
445
175
835
593
186
1196
1269
1007
1250
194
1379
470
880
208
289
797
592
1028
775
845
886
425
619
1057
1070
689
359
1078
1447
390
1139
744
565
826
189
1104
522
1458
611
624
504
842
1446
1384
1402
236
1034
494
116
661
192
1354
1438
811
911
1008
352
123
938
651
865
577
1395
282
1404
84
1386
778
394
849
255
1251
543
201
1487
446
789
1021
940
905
182
1484
760
120
795
523
1128
1148
646
567
299
363
1496
547
646
252
983
884
1031
230
234
138
1481
1129
339
1468
75
1129
990
1368
886
24
1352
146
497
648
1022
477
648
520
1044
1299
884
1393
698
30
145
534
914
28
764
0
166
745
1130
858
1065
1205
839
907
1425
225
932
1278
724
1429
778
246
406
278
766
303
429
502
548
1128
532
1045
162
299
1074
926
651
92
523
281
950
88
339
641
996
264
1219
780
394
443
1061
24
1041
1467
302
307
622
732
1162
22
360
194
1068
874
845
642
652
1497
1086
1175
278
889
115
969
30
1111
86
1249
391
480
544
1452
857
85
272
1159
745
1246
391
407
1269
1103
953
1189
829
299
683
1481
296
269
1156
926
1158
1272
396
41
1235
834
1290
127
166
335
431
1023
772
1055
683
17
802
1426
424
923
1382
230
612
711
529
1295
693
825
416
349
603
75
473
1351
468
209
685
258
688
852
945
1471
375
570
1027
1410
587
681
1337
1364
456
71
94
1420
782
975
67
1475
652
483
677
1255
910
2
1107
1378
563
644
489
1251
1496
286
75
724
1208
1454
986
296
987
1175
512
1443
1246
958
215
529
433
282
504
1085
1117
33
1192
880
36
799
1110
599
1444
451
703
292
1090
1130
1368
798
1084
855
1446
571
882
458
866
629
268
1081
1158
701
215
514
638
1332
548
331
1064
936
1482
675
387
1426
1126
1090
571
1068
720
791
367
656
498
313
1227
1381
1124
593
510
1392
526
520
594
741
1034
84
926
434
415
490
222
398
17
610
676
1496
552
99
1064
125
891
283
781
1389
597
861
122
221
306
632
113
833
4
1059
426
1039
1144
1352
325
411
695
548
809
712
10
1486
1060
562
85
977
1039
1328
1260
673
70
357
34
192
930
692
1177
1396
25
1181
1307
452
1072
951
656
250
1363
203
798
1024
1268
1160
1362
828
574
300
305
114
128
66
787
550
775
1173
743
206
365
772
102
743
805
1409
1195
378
1213
703
980
1428
907
278
952
675
290
1167
355
864
1467
661
978
95
1079
617
646
354
290
241
912
1008
1365
1366
251
670
128
298
1400
1341
1001
880
121
760
10
1425
287
300
1092
643
1165
1059
156
995
7
1235
465
1005
441
755
1246
206
615
1111
72
866
281
200
1164
534
393
1018
1414
866
278
1425
792
566
225
736
61
242
296
217
90
655
304
555
160
1097
162
1406
1303
778
1369
1376
144
502
428
161
1036
1174
1179
1303
540
309
1228
184
875
305
921
936
900
69
5
990
724
309
45
884
1407
207
1142
1210
1337
1363
1438
1482
365
719
495
254
393
174
57
1285
483
137
1470
211
442
891
1499
1342
960
5
832
536
314
1229
272
573
289
1414
636
126
129
574
460
846
145
955
1100
890
1129
9
676
465
146
646
676
589
389
675
783
201
680
468
737
1347
549
1009
772
838
1275
1408
965
1404
835
1425
750
980
1233
703
723
862
712
1399
1327
859
897
855
300
138
31
1435
339
1063
755
1428
1262
1305
937
535
643
712
443
460
968
130
738
570
1463
471
1273
686
185
486
937
365
197
334
1220
497
824
103
784
1163
1167
40
1091
929
1345
880
316
840
444
1112
1301
1412
1242
891
482
57
214
608
743
399
1094
180
764
1291
866
485
640
190
940
1424
205
607
316
1296
389
161
1028
705
1354
1472
669
7
236
764
898
1071
821
1112
179
65
11
125
597
1128
268
316
465
908
506
1405
1184
1064
865
1
1212
1254
514
741
811
368
1065
1481
727
1302
745
125
873
418
89
1404
835
453
29
1433
81
297
249
898
57
1107
803
1241
671
168
94
736
274
961
1477
1086
1329
1042
1419
557
1196
1016
1034
921
286
1124
825
1122
429
1206
1055
862
3
156
260
412
115
1415
506
1139
84
600
375
710
61
704
648
243
246
919
1152
1443
435
1038
1216
722
662
542
344
1443
600
251
805
956
759
1065
1368
1226
981
374
865
1417
1327
92
627
240
796
128
483
1395
1047
487
190
1483
26
1406
1057
1040
800
253
984
1401
856
289
1209
467
207
1077
193
40
304
1411
1457
131
355
936
371
4
1064
1207
1399
612
546
441
947
572
699
856
465
0
1461
1449
253
817
590
1462
136
1149
1391
329
1189
195
592
1498
678
948
935
1050
952
851
1109
1203
315
155
144
1262
1080
843
970
45
1195
931
346
1448
600
936
262
736
938
506
1418
627
701
510
978
1380
310
413
1282
1262
116
1243
965
432
1398
1461
546
978
805
17
1023
500
1300
1369
801
753
1158
1415
1489
948
421
259
427
1475
1122
1405
207
1432
318
1489
1195
435
1232
1012
867
1482
974
265
1313
631
282
836
1483
83
1058
1136
836
1068
1404
1177
516
325
289
943
652
1411
849
859
1343
19
1200
1390
806
1284
1255
525
119
729
791
1432
212
1073
1120
195
8
678
184
1196
246
88
1226
1114
765
15
910
1418
1426
259
1129
121
630
1182
12
1437
1318
1267
462
1437
848
1253
1369
1412
1179
990
459
1187
520
643
1236
1119
731
962
733
349
1329
143
619
107
754
248
228
1385
282
592
1322
101
711
636
390
411
390
260
323
69
102
783
108
974
278
196
593
1010
1158
179
211
1339
674
830
1446
1429
1078
527
166
213
1119
340
314
683
976
704
1094
1366
1316
270
287
270
1053
748
1245
1331
944
690
1193
955
869
1404
1146
44
734
1093
325
665
472
491
1230
91
1183
44
1126
659
1100
721
878
1269
1343
17
39
896
765
136
1079
562
827
1125
17
548
1381
1163
944
968
1108
1269
485
80
612
215
524
295
611
150
955
211
1223
685
332
1066
702
724
814
1468
860
746
530
539
723
899
1088
604
914
884
424
875
654
909
955
118
1124
331
414
587
834
221
1151
557
906
1483
476
108
707
142
428
420
888
1310
959
463
1061
899
1068
828
284
344
203
1290
1254
10
1408
1230
342
674
318
1176
1247
321
585
1005
304
1061
1466
1364
56
394
284
944
557
95
260
118
1347
1328
946
483
524
1149
273
278
1160
533
361
354
60
1031
382
159
1352
967
1165
508
881
1131
372
937
377
656
733
934
752
993
1405
951
1173
851
1434
198
853
559
828
865
1444
41
1219
4
1072
101
516
1276
1420
181
285
1153
164
657
942
893
166
528
328
918
373
233
721
47
1436
655
597
789
1214
277
154
1158
319
225
15
243
678
531
372
599
1064
657
604
80
166
47
973
332
575
153
102
1300
738
823
1347
675
330
796
316
396
1426
471
55
245
1048
422
840
227
1305
1212
1178
1221
721
282
1301
888
681
1126
72
108
1280
175
1409
870
1350
108
397
181
905
714
577
831
37
984
1428
1085
258
1120
164
415
833
1342
136
406
125
1437
146
1158
1416
219
1267
1196
746
1176
918
948
1284
1316
1481
1041
882
911
724
1271
395
652
856
1006
273
1373
1421
1458
1215
58
716
192
347
863
1351
615
1434
1118
311
680
1146
82
480
1282
1398
462
824
1132
1373
48
903
620
1053
259
478
178
484
400
488
200
810
1204
392
9
567
595
625
501
565
1288
33
563
1370
866
346
120
1328
22
1252
53
422
655
1025
327
1267
4
505
251
756
993
803
418
698
48
427
117
643
1404
971
61
45
1356
624
267
722
970
388
902
1344
492
1307
267
1148
833
594
1267
1189
1452
370
445
945
1174
1215
495
1222
494
965
717
399
788
778
796
644
1403
1063
1367
1225
1451
1121
1070
444
929
189
444
614
1135
563
303
1087
933
1100
885
607
815
1380
681
161
1197
1399
560
485
1029
208
1130
932
1272
1349
1010
75
1322
932
519
751
1121
1315
1365
756
378
520
696
164
120
81
771
1287
313
305
1449
11
556
861
496
85
1070
478
1370
842
679
880
917
502
664
289
105
285
456
323
1393
1187
843
941
1351
1316
1022
974
1103
1336
1279
1404
199
335
766
1047
421
688
26
291
382
1057
23
151
59
687
440
517
1324
1249
840
69
936
183
1011
1139
1499
533
613
1455
721
745
1359
920
1432
977
468
705
165
846
1348
547
403
1371
699
815
910
1491
1332
1086
92
1024
1156
1028
59
667
1019
411
52
133
366
1126
1230
577
546
1162
407
1014
720
572
712
568
1472
1116
792
1023
783
202
1366
967
1289
1459
491
1297
1339
550
816
859
961
1220
1344
179
846
1074
757
1393
1088
16
1259
308
940
472
1229
1264
440
521
787
75
1075
1006
1042
1216
1317
33
1013
8
935
681
1219
397
402
1063
928
1248
989
537
1493
930
553
1253
1238
1494
577
1319
1258
1369
340
898
1444
268
404
986
1484
573
1371
1350
581
806
531
301
55
933
216
984
682
1206
21
675
636
927
780
726
921
209
546
679
430
1238
77
726
6
833
564
1491
1406
435
1341
840
94
724
1141
501
158
1357
337
1192
1415
359
719
903
1286
0
130
1059
561
1028
238
1344
766
668
570
1125
353
1135
1116
260
422
1309
1452
868
885
1093
1370
1043
1302
207
735
70
918
1455
973
1056
307
1455
615
1220
983
1206
1064
602
374
135
227
727
122
195
1339
544
356
1291
1413
93
1236
135
1137
1039
342
724
1461
113
1031
934
1169
1338
890
285
1059
725
343
975
179
717
1110
758
296
1232
1305
136
629
513
279
894
607
16
1029
596
1407
223
1320
1368
336
852
1154
358
1042
896
995
601
122
1338
77
653
907
39
264
1203
124
69
191
1105
935
823
499
42
839
380
638
1098
603
810
966
1292
162
972
150
1205
369
1497
658
843
1335
1087
1496
1094
1127
260
797
103
682
1341
1208
117
664
207
511
355
939
1
1453
42
811
1271
186
974
743
688
1031
1112
685
189
807
872
1277
804
466
1256
1416
116
1359
950
1457
1067
1419
973
126
430
1328
1065
431
133
1459
1243
1404
146
1069
999
1186
600
964
372
789
271
1244
566
1427
563
674
1344
679
533
1146
988
452
1066
813
930
348
993
495
780
1126
807
875
1382
1305
444
881
991
1044
345
1363
685
617
1460
104
896
875
778
1092
406
1312
739
1394
616
657
1059
47
1005
552
894
637
178
201
12
412
6
456
1293
998
352
491
1213
1038
1460
25
1142
856
900
420
449
1306
584
40
52
1201
697
1111
1248
202
163
642
840
693
1196
1204
1105
1202
513
1251
1052
865
594
766
755
554
1143
749
262
544
1170
711
702
606
751
755
307
300
718
407
855
1234
1402
547
427
1098
251
385
1152
764
488
705
482
1082
323
1237
488
1466
487
750
862
509
1462
65
1467
1065
1172
627
218
390
1034
1073
124
1288
120
904
886
371
141
539
1488
629
96
470
563
419
559
1051
737
1046
301
100
407
615
165
375
533
1337
1002
1103
579
888
676
704
677
1148
108
415
371
249
1306
359
1230
1402
829
293
321
1389
196
1059
1287
849
1159
547
317
176
922
850
365
776
453
944
516
1481
500
45
1129
608
461
0
1209
267
712
1291
170
393
436
843
282
632
754
422
1482
765
969
299
941
743
1
158
371
806
1455
887
1139
455
1285
768
1416
246
1120
1125
865
684
917
1387
1078
1353
1083
1360
838
337
634
1172
1103
455
1471
896
1198
324
1055
421
1130
1362
1309
769
317
1094
389
233
192
361
211
1409
1046
1480
1297
624
185
880
836
1023
1217
1471
1047
1172
778
1018
569
477
194
476
898
1324
338
1059
945
1007
1005
186
93
49
548
656
1459
446
636
108
1422
1173
988
758
1049
1057
1081
596
1082
360
467
151
1189
661
979
587
838
169
499
283
28
4
470
121
54
1370
777
365
316
265
473
238
291
313
1348
1340
222
1282
788
1304
142
1255
307
183
417
138
770
1255
307
121
390
336
478
1212
809
884
1434
439
1249
250
1056
574
840
1347
887
1041
39
1109
823
828
1266
1317
583
73
0
1352
212
1122
1459
871
1244
702
59
222
414
869
1458
349
160
1207
951
1216
281
644
1064
20
185
1455
1129
1360
783
895
1177
219
1321
1177
423
385
1151
383
1256
895
1437
1316
1469
703
1037
1427
1404
1197
1486
856
913
267
352
829
287
889
785
269
1101
420
16
778
639
189
807
1063
574
458
298
331
206
587
499
527
1290
36
455
1195
85
441
903
998
1061
107
680
200
996
1465
821
597
385
838
227
1377
1379
1386
1292
454
344
442
1137
902
1029
488
1430
819
876
385
514
961
1178
269
811
1091
376
1491
1292
1372
308
613
821
1046
303
1400
923
183
1286
1067
989
131
9
626
1385
1038
1114
1315
357
842
552
1224
303
231
345
1114
1322
722
1458
1466
946
618
932
268
164
1235
168
1439
270
1455
1358
1259
438
1367
737
323
905
703
491
115
45
1043
191
348
126
536
315
301
1258
625
267
1057
1243
1199
1325
260
1287
345
551
409
652
410
169
1442
277
1258
618
35
462
1109
502
859
1004
693
60
1131
81
375
284
1340
1352
551
897
1447
603
1074
559
742
271
1111
1151
1276
373
172
70
1002
1431
688
1389
745
649
391
104
154
1084
516
137
1166
891
421
1358
1095
1324
1107
1395
779
1033
454
21
156
417
25
1432
790
197
3
645
480
691
534
77
193
926
534
347
862
1050
836
880
794
1257
1090
741
1433
1049
636
713
582
1091
1086
739
8
1111
1023
1151
161
1026
296
993
570
1182
1423
763
960
457
1462
323
359
798
55
5
907
1498
747
840
1047
1383
405
130
974
1492
1221
1335
1455
744
1338
116
623
486
1462
45
168
1385
808
1129
694
1122
304
1405
772
711
1411
531
709
658
223
257
541
629
739
368
973
812
555
928
408
393
1397
1031
879
211
1076
1399
448
736
1028
1142
710
184
1399
1482
896
1310
865
457
820
1089
714
214
570
305
582
43
1469
1489
1323
378
382
72
1409
113
283
1338
12
1083
574
1393
1077
137
77
977
119
1325
787
1337
283
108
926
1349
322
1496
155
1256
391
124
1245
214
854
479
639
764
592
1274
954
956
858
380
849
435
517
927
264
989
1104
1052
826
1387
12
252
1237
686
600
244
794
991
720
891
57
75
1370
1048
1191
814
823
645
270
533
1025
1472
1320
43
899
85
1032
503
1489
710
743
353
962
480
1039
414
1076
685
1405
296
76
314
371
298
1363
62
1464
1038
1059
586
71
585
558
1391
980
309
328
864
1165
317
74
408
670
1388
1240
561
302
816
98
559
1464
174
1225
688
824
1088
1102
1140
978
662
227
1049
99
785
1293
1079
1447
121
443
1112
791
869
20
1461
757
1260
875
1411
928
973
822
892
0
547
432
1176
488
35
817
1466
697
1396
1016
796
1033
1161
727
980
134
1170
592
925
891
612
1239
500
724
966
411
504
439
1233
249
791
632
681
468
1120
716
137
1087
265
33
955
1413
1066
968
640
899
1102
662
1491
880
53
956
971
905
532
437
1316
1037
1228
1401
138
520
534
819
1340
506
388
1477
93
1005
362
1400
1271
280
868
411
1179
823
1426
1171
203
331
979
1174
1237
11
111
1405
1400
191
1307
38
711
693
1210
551
1199
450
880
145
1455
1242
397
78
375
1266
842
54
589
768
77
1144
1451
1056
818
40
1068
1281
1446
968
324
105
1359
1036
1150
1069
439
1201
371
172
1346
678
266
244
757
641
362
99
696
1303
867
773
947
1170
330
617
1211
250
750
1157
70
1074
114
281
610
1264
202
1402
965
573
426
1164
1252
692
260
509
1334
622
608
882
777
327
507
224
1497
1189
841
60
1439
443
69
362
17
183
643
980
299
846
1234
1265
1419
160
1281
23
852
41
532
1038
1015
1492
420
292
319
1280
868
669
969
561
729
1261
1004
1151
475
1021
1334
1118
501
134
816
587
251
1088
747
32
1111
100
425
144
1490
1440
136
763
584
808
543
1452
329
12
513
1410
125
369
1061
600
1390
1248
571
744
234
1387
1331
485
975
579
869
587
1031
146
1083
1021
438
71
636
1022
879
1179
1326
60
44
691
1471
169
1060
1032
1122
1302
780
193
546
1014
432
730
351
1408
161
72
847
44
218
430
1417
656
501
554
530
233
233
356
645
629
1399
616
1151
959
149
773
762
1281
1318
160
796
250
1242
1499
510
1403
72
1357
1447
290
287
1365
1299
1141
771
329
226
1004
1038
871
486
937
340
137
397
489
1262
11
622
1080
523
270
1330
266
270
693
521
342
550
821
984
1190
686
783
1183
309
1113
261
1313
1003
1484
299
440
324
788
1189
1165
550
1200
288
130
576
558
313
842
1180
1006
215
22
408
1036
1359
98
574
642
1281
883
607
394
1049
462
379
200
903
703
989
592
369
39
645
657
522
73
67
1187
915
1248
693
1482
122
1101
1019
1481
52
93
976
185
977
435
580
878
898
959
1078
653
514
567
97
883
959
742
392
1481
815
812
1168
582
560
713
565
1034
666
436
1368
1070
529
1196
1256
358
131
688
88
1381
499
1167
886
1013
586
984
749
397
226
1141
730
1394
805
750
828
1365
1463
245
1252
982
681
1120
552
63
816
660
773
1299
200
862
33
699
881
919
565
1467
403
1314
365
982
1307
1095
1228
613
346
908
830
661
1154
582
143
687
554
1048
750
1370
560
376
22
1113
1238
407
312
619
1326
1229
938
582
1043
1303
416
851
1251
496
316
449
1404
1146
1110
1058
229
106
246
783
6
1348
1006
918
224
1380
531
314
287
1196
933
465
925
372
1399
821
527
315
524
278
811
840
727
716
486
690
626
1067
796
1224
703
1154
1073
561
572
149
441
1104
464
1080
1152
1397
45
577
621
1445
250
1
260
774
631
1424
114
1359
992
953
901
118
872
197
195
75
203
1268
636
775
269
1429
731
733
1009
383
983
1407
1313
104
1352
63
105
464
838
737
740
952
948
232
757
701
703
130
1250
898
557
1453
1018
46
728
1287
1475
1460
873
1337
695
356
1244
508
460
1448
572
918
764
1410
507
5
1214
307
589
824
1008
1292
954
758
1042
363
1063
560
409
291
700
737
603
73
574
151
429
670
659
1241
970
1231
1011
234
1493
370
239
60
1029
829
884
537
973
690
147
516
1405
62
1428
315
354
628
1052
1309
1053
478
1460
1482
0
972
76
970
703
1439
1204
1049
310
296
1461
1339
1477
1197
729
950
739
1228
318
644
1291
247
959
497
1227
863
306
1133
1341
619
1467
1341
91
43
1163
1146
1483
868
1047
645
1164
1008
484
1493
1057
65
943
296
1294
114
941
1085
713
752
82
440
116
740
73
309
211
393
503
302
436
166
301
771
1386
1348
1416
1050
1209
753
1395
766
818
839
1415
964
1305
856
549
518
460
983
1310
928
576
236
1238
787
629
593
1442
1065
759
595
689
646
443
605
548
504
210
444
1271
1029
135
38
493
1440
894
1395
810
206
1230
620
1135
658
856
1225
298
1485
318
240
1403
1429
835
592
927
130
1197
1476
987
260
772
1110
1289
1259
1148
634
51
542
881
861
1100
612
1481
735
122
838
812
420
1175
1130
1012
1078
1060
699
170
839
830
220
815
317
480
439
279
621
198
1427
1255
249
821
989
1462
421
453
1444
9
575
1134
821
996
809
452
508
388
364
1208
910
1203
890
1130
871
59
110
162
338
1083
361
265
839
962
1086
680
1277
7
1133
1221
16
208
1207
838
56
868
142
565
108
858
273
1019
913
15
1001
636
74
1464
799
412
1047
1160
1029
738
974
615
1418
751
974
1051
824
1343
112
883
1033
168
252
1175
733
712
885
1358
231
650
1373
1233
1287
299
1197
586
711
1096
598
240
335
424
1207
253
1176
682
157
852
525
269
588
58
437
840
85
23
52
1322
1381
636
472
107
721
259
406
770
1197
1470
366
295
562
701
720
270
955
748
1304
1464
452
681
233
1040
1091
1022
732
1176
1045
785
1350
1279
273
322
238
994
934
644
616
631
966
982
927
29
536
499
651
343
99
455
307
551
1488
540
92
1079
62
1176
755
1460
813
605
1239
1086
1279
1477
932
713
973
48
197
440
1383
1476
821
419
475
324
762
574
1131
1421
1477
1119
461
421
698
875
98
1453
835
911
910
926
850
1041
1255
282
607
729
683
804
21
918
780
1194
189
107
18
1303
1033
1149
1224
1362
768
537
284
1466
1412
734
271
1100
145
33
878
1347
1426
634
482
533
215
1165
189
588
935
1321
282
1124
1428
300
927
1313
301
651
1176
1421
1188
1460
239
1452
1046
510
1404
1191
895
783
1391
1173
269
373
207
484
390
748
1072
1325
570
1354
1301
850
506
728
664
1159
231
340
1080
271
652
1319
223
198
681
480
241
428
115
132
101
384
857
660
868
1247
1409
792
1072
831
646
873
181
4
453
1197
1163
684
389
1095
1307
1393
914
383
443
447
863
685
875
978
1169
976
1362
527
137
1082
626
46
374
551
1229
1372
276
262
1376
730
1460
1391
266
701
1338
74
595
752
809
1038
1199
172
575
574
2
597
402
1364
1476
539
1298
602
937
172
1153
666
44
282
929
272
1364
1241
515
130
442
353
556
1389
1457
217
928
8
389
355
934
743
952
1336
607
928
728
757
31
165
929
36
1184
1325
318
965
449
534
706
964
1017
0
169
425
1390
478
643
818
486
1032
1173
1420
276
978
109
1235
406
837
845
789
1002
274
826
1038
452
1496
503
901
883
1209
718
400
62
1239
825
1452
218
1468
1122
704
1353
1147
977
481
625
1086
568
1032
423
1413
321
277
540
1499
1316
992
348
319
745
1231
381
315
483
443
55
1308
747
625
1277
369
1329
1482
16
1158
463
994
744
1031
526
19
1297
1199
649
337
51
465
181
751
1136
1278
834
369
94
1317
1164
501
1125
411
1126
1254
1132
1307
1236
1149
966
551
995
562
435
21
582
232
72
1231
921
123
548
1454
1226
536
1232
560
1258
178
729
922
679
707
186
657
461
1318
465
550
1319
283
1453
814
845
388
835
279
972
1260
362
745
235
1262
699
1462
299
784
874
57
1314
104
1331
494
811
17
3
124
1336
820
1026
1155
1103
980
470
801
220
157
1080
45
1417
1443
1142
505
1205
694
467
356
1478
193
765
1292
649
597
638
1460
614
994
437
450
314
1463
458
1418
943
1280
719
16
1437
651
413
207
594
55
1064
652
749
383
1360
1079
576
626
1224
1226
1223
714
38
689
208
475
1492
523
439
450
793
234
582
364
602
871
1015
1015
1430
462
1071
994
1466
672
1377
1326
252
806
452
328
532
527
1042
922
1217
1251
1398
61
626
689
863
1419
923
1445
635
378
816
502
1393
747
1316
1316
241
1282
489
471
1461
1093
1277
413
1421
309
1293
963
1231
1362
1066
1481
1423
192
670
786
463
446
1083
1450
824
399
453
717
1498
269
534
240
404
1375
711
365
968
840
1130
1241
1149
923
1056
1232
1137
623
66
1060
1167
736
698
131
34
281
81
858
1033
886
428
1031
1156
1314
123
412
1189
1186
777
1009
526
407
1102
527
183
658
612
1320
133
678
881
1301
266
431
284
301
1065
717
1159
950
104
439
833
112
253
957
524
294
643
1301
155
22
560
1257
549
743
416
1161
564
549
339
297
702
606
1080
986
1259
645
556
918
447
660
210
1281
1124
463
738
500
1110
233
653
1265
255
1213
1023
1157
457
1439
818
1373
840
10
170
395
968
102
1381
727
1100
437
497
47
1449
707
1328
1425
23
918
425
1133
4
1078
898
611
792
421
620
101
712
1439
1474
405
301
496
800
1269
598
1033
496
550
323
1345
598
272
553
778
198
576
549
623
209
905
554
1459
368
1346
381
989
299
1445
928
273
350
81
1121
1150
1350
571
684
698
1122
1359
543
572
131
1448
202
681
876
751
157
1437
156
711
1397
525
909
630
366
1208
575
1294
333
926
1375
306
928
77
877
464
1127
851
323
522
275
807
471
478
1488
199
1229
497
137
238
1208
386
1115
969
1016
1481
677
91
127
1362
1017
354
168
798
783
1046
1262
410
749
86
932
1025
893
255
3
1233
455
84
231
944
674
291
1330
641
1261
846
974
790
1289
1101
653
1159
307
821
457
1090
719
219
352
321
657
137
1346
50
392
201
1284
1199
637
367
643
1312
658
825
805
771
523
280
62
313
233
1067
324
541
740
781
483
1460
1352
1188
281
510
1325
479
560
569
680
696
269
169
1063
1264
1481
574
590
787
1345
1465
1419
259
630
152
178
954
1045
919
235
381
879
440
69
12
950
246
491
362
815
23
1059
1084
192
974
1201
526
48
643
165
246
608
84
857
1239
588
1036
1045
486
455
133
867
186
573
1288
198
23
34
1041
737
1201
1416
648
1138
108
123
839
986
523
334
1151
1121
942
87
479
1033
676
15
579
14
470
1064
881
656
137
1021
1206
512
1407
747
1249
1108
663
398
1098
1123
873
437
962
1396
1123
613
1370
566
1053
349
451
581
364
1382
595
1186
946
328
342
1435
1349
400
447
108
1147
197
1216
662
947
1167
637
320
456
99
568
80
1065
438
998
970
787
1449
51
3
184
998
1189
1130
1326
383
1066
27
783
365
135
782
562
203
1444
361
1370
934
681
327
1033
102
407
950
892
1405
420
180
206
471
535
390
1469
577
373
147
960
291
174
244
656
661
1378
1219
865
1323
432
735
1109
1114
1414
642
68
321
93
960
578
865
1492
785
1337
528
1175
158
1105
48
658
917
339
832
13
1348
1494
1392
1067
1211
67
1499
446
1176
1465
713
318
33
1034
763
1346
113
129
1338
1250
318
718
1277
828
323
178
1486
1241
869
819
106
717
1165
1498
636
1228
65
988
526
1241
953
1239
412
1339
774
1175
1185
1239
156
1375
989
826
594
1118
155
1269
1296
141
1362
666
1312
1469
1383
1329
1467
520
1057
33
8
84
126
1313
1323
538
1152
949
566
1189
688
1074
1417
529
401
511
148
556
280
1444
697
143
610
862
464
846
691
431
1366
249
816
1374
333
943
1187
156
1481
1192
1106
899
1233
646
474
1150
1176
875
161
176
1431
794
472
980
1289
1435
342
253
781
1034
684
647
1283
353
873
468
1296
560
624
129
252
582
1029
1486
1229
3
1488
1257
1230
150
1433
13
1296
757
1345
1085
692
188
190
1473
74
1226
972
209
79
345
677
1375
906
153
357
10
736
1386
348
817
241
337
574
323
839
507
336
987
116
181
924
809
721
1114
782
1147
840
255
1356
1272
952
885
1499
358
1039
356
721
627
594
1069
1444
1187
258
870
10
1449
229
698
936
345
1232
360
1154
453
326
789
101
1167
1396
309
1291
848
1195
1290
59
1086
147
780
565
1093
701
861
781
960
231
1143
1261
460
694
698
805
426
1058
812
1231
1385
101
184
1404
1497
494
1195
845
541
1337
1256
479
1484
536
1396
1430
90
757
1063
1402
1340
706
1163
300
1400
361
1457
678
272
769
410
157
870
594
413
1219
1440
460
917
481
297
673
1312
634
1210
60
564
1300
817
127
1202
1009
1185
1217
161
1438
79
119
616
351
1240
1378
860
963
473
125
682
765
585
99
99
1234
1125
1411
368
835
1472
1284
987
1141
263
1041
651
1449
758
1164
239
1189
135
855
40
1376
1086
1252
839
59
1377
373
1176
814
825
1275
549
450
39
917
137
11
1054
1124
4
1317
1017
1007
118
627
672
709
317
807
65
709
1035
3
462
726
62
691
1100
1238
6
425
1366
555
1227
1405
324
1364
1416
230
988
272
48
857
132
518
1484
804
1228
653
463
145
1363
351
148
677
1077
562
1368
677
652
226
1454
518
781
1181
423
1458
1045
691
188
885
1316
588
594
1448
1459
931
1104
39
84
419
536
299
770
1036
1328
348
98
1197
1377
1102
275
1332
473
1409
1365
1248
1367
911
792
407
648
608
1348
1243
908
1307
674
512
198
1110
931
734
1410
202
270
1238
550
720
1287
779
322
63
611
1147
1472
477
896
191
240
188
598
1240
1148
446
983
556
605
509
1068
803
120
851
389
382
1405
659
120
807
1379
260
87
554
675
698
201
647
27
1449
1190
619
137
640
360
1285
1439
1343
693
544
705
613
200
825
1465
589
59
222
1249
179
1030
1480
791
1117
886
1466
667
1088
965
1047
1037
655
166
27
1296
526
164
87
722
858
631
1427
1471
1183
1104
288
273
1163
511
374
194
393
706
986
10
93
1304
677
1181
1122
224
1070
629
743
1097
777
1269
1262
864
843
972
1496
1122
1295
31
726
436
304
741
947
1030
936
1340
237
774
202
330
930
1231
363
552
308
1433
1182
1051
1383
459
1172
1497
176
516
969
172
490
1116
555
1217
52
860
810
999
742
598
1191
979
224
245
161
1155
1477
524
559
285
810
593
1336
1045
1405
1008
1042
81
376
863
605
867
479
1160
936
532
872
246
383
115
845
427
1094
1069
672
108
1076
649
984
136
1286
294
729
1122
1339
986
983
1233
1067
1359
596
172
1078
1428
1333
514
812
705
1113
1195
820
810
474
767
731
1147
1227
308
648
711
796
435
1358
377
57
49
1364
1392
1283
931
104
731
1456
1182
659
1289
549
323
846
514
19
519
1324
493
138
555
492
1365
1215
1141
928
863
428
786
1241
837
836
1457
730
619
1240
834
202
1196
868
1214
1337
1417
37
1036
431
56
55
607
902
545
15
246
410
82
1387
1338
946
315
977
1039
1153
313
996
735
932
1088
421
1486
785
1289
1200
974
59
1238
510
842
146
917
1450
1400
1462
1465
147
724
399
386
915
1345
1054
392
1236
1059
705
1084
294
489
673
715
475
310
504
176
1284
563
266
647
258
412
64
208
665
27
525
812
751
924
1198
166
1122
1104
558
858
663
115
443
957
604
1468
524
1432
278
1381
108
62
796
726
709
1054
1490
1126
1262
655
1153
639
319
404
416
370
923
38
1474
333
1248
638
449
191
447
1405
159
972
1337
789
853
297
1204
149
1023
413
56
1014
39
1318
521
44
810
841
801
1226
1211
224
1264
1185
557
1012
675
1358
56
1123
1264
567
595
1101
1357
300
251
1061
801
1274
326
857
1140
718
1028
162
762
690
1355
63
416
1066
639
532
1103
49
396
279
259
452
1402
23
1372
849
1477
1229
1
228
1142
1154
354
1468
864
347
1038
392
509
653
1434
364
1068
350
282
208
1234
1385
609
130
164
868
935
418
1244
807
119
1221
888
120
301
882
1275
1007
1202
639
1354
741
1383
715
1394
1317
1431
962
519
213
22
253
451
983
383
967
352
1318
238
96
977
357
169
717
478
822
99
253
681
1302
1244
536
543
1127
1251
789
1296
35
603
315
600
978
568
1051
461
951
871
813
1122
1109
1261
951
1466
282
169
444
1104
268
1049
286
70
793
1174
965
772
1277
606
568
1312
1210
883
413
688
1451
316
1
1255
1187
1167
1229
796
928
680
763
63
849
59
1167
1470
1461
305
392
754
331
1358
379
109
464
947
273
526
683
1038
66
986
1355
68
741
1042
1235
822
691
1015
3
306
1078
1204
365
1098
1174
326
255
67
1433
587
277
664
1048
1093
111
1321
120
1146
1212
186
633
1067
606
226
961
693
1049
504
561
1404
810
491
1108
28
441
783
706
697
850
639
136
1127
155
36
1072
619
1357
1192
265
1069
231
1250
988
1189
1477
802
383
1378
1306
944
1282
617
287
1242
645
729
525
203
1426
227
843
414
206
998
450
1279
117
659
971
735
581
54
485
69
1244
814
1223
479
1044
1030
275
1178
147
562
921
1144
1291
1446
1347
69
174
1042
483
732
893
1285
511
1362
445
335
949
1378
389
1435
299
485
1101
23
964
646
1053
1239
676
52
654
97
48
797
396
247
867
570
142
202
1302
1387
340
666
101
785
1001
1051
1015
1390
1338
1314
376
939
189
192
437
1242
284
1466
146
938
63
546
235
459
794
1454
1381
1288
157
36
1175
497
702
1276
134
203
827
1
445
1017
1315
1173
809
357
1366
1246
99
150
1212
598
1088
128
1144
175
587
790
130
821
578
639
857
605
1488
59
382
122
614
61
123
1059
1079
290
733
388
647
951
486
1099
1101
551
549
1041
679
545
1216
118
1336
198
939
766
837
296
1372
825
707
606
1299
173
667
274
85
598
917
1170
986
64
621
325
15
222
876
564
115
407
1462
183
525
1298
382
317
916
71
613
1140
897
173
246
1048
698
1266
1323
783
716
740
453
555
1156
1074
880
1172
148
256
588
615
663
550
799
40
700
33
357
469
104
1323
461
1353
348
1060
902
1046
826
1077
330
42
317
783
597
325
710
329
349
1210
937
1290
326
452
692
1125
493
245
1158
1202
714
1262
1025
1175
1468
1373
735
870
1272
413
799
102
808
1468
1237
257
293
799
587
995
510
376
785
836
829
1477
461
1322
222
471
1024
1288
585
902
1316
553
775
903
275
547
169
1074
1001
1329
1042
739
86
188
38
1025
1183
900
1402
468
236
731
797
1049
905
1372
20
781
1160
606
183
1328
1159
1311
732
287
710
1253
1361
212
1082
904
1303
20
1092
193
1046
775
1094
1300
95
1330
883
892
1232
288
764
1252
1069
777
710
105
605
722
1416
189
1009
626
1442
870
838
1024
626
993
1045
570
1187
943
197
1133
1095
292
1315
478
37
1047
1118
801
1152
1039
78
362
1144
1036
1084
1060
1225
593
187
20
316
1377
1396
942
871
1293
13
910
1088
210
543
683
855
358
13
892
258
1131
193
1410
671
624
272
315
512
1357
1376
589
802
415
609
1118
292
858
561
15
651
926
925
592
1488
1468
1275
843
679
1289
235
1289
1272
781
1199
443
1405
1471
1111
417
180
1339
1358
1335
254
468
953
546
178
366
562
1181
1292
339
273
1281
308
401
624
1339
542
1212
1128
314
493
1179
758
398
2
721
1167
183
560
1025
18
814
345
1323
212
875
190
1126
557
334
1466
830
115
626
1231
1092
817
273
804
445
940
149
124
550
899
126
1271
566
661
331
443
1031
1497
1141
855
209
516
1397
188
1073
231
154
756
699
1132
839
643
449
1465
299
1246
905
448
222
1455
1347
348
78
765
1362
761
60
1245
758
53
952
1319
922
849
7
495
1433
161
103
984
145
943
127
594
1260
778
340
665
1226
562
972
1425
1263
1402
1042
1477
663
1454
1222
1421
8
675
1240
930
376
1248
277
661
261
381
145
407
176
624
1001
1436
1402
194
953
1480
1108
777
1405
871
679
1299
848
1342
1254
923
115
1262
98
1355
1044
826
1455
1321
1488
569
554
133
976
730
758
829
1018
1012
1375
823
993
984
100
1250
355
1131
1050
56
973
804
979
1440
918
1429
1296
462
1107
103
283
1095
672
838
81
500
420
1191
182
1439
703
57
762
196
1041
1215
1447
249
846
1349
305
672
1005
136
612
423
417
760
885
24
1216
20
1120
388
1210
1201
1241
131
1244
1423
422
447
1480
36
644
1022
1251
943
1271
950
792
428
474
297
564
1438
1072
981
1051
809
1357
767
829
977
7
892
1030
1248
1023
774
1171
297
1222
1152
333
718
1026
437
513
1149
239
1305
77
1065
454
993
1003
378
826
906
1187
683
173
868
513
533
260
43
281
135
1170
305
432
1244
309
1118
814
1335
55
1327
1336
646
1484
265
211
790
1258
66
1168
936
973
855
119
1146
223
632
531
484
1028
813
971
1050
1470
1404
1146
279
1022
460
466
1429
639
302
927
623
919
1138
1413
677
56
1433
113
1029
788
584
1028
1363
69
59
699
1097
1224
171
999
1194
75
645
325
1449
1105
791
230
244
1445
1157
1219
864
1147
1484
393
1203
1417
858
1085
1057
1443
613
920
12
1024
120
1461
749
643
960
795
718
105
1121
1019
62
764
1249
658
710
1258
729
74
1257
713
820
960
630
178
897
539
473
10
1459
485
1387
431
798
988
1074
258
283
644
715
256
163
1129
1021
264
287
231
374
1016
657
131
581
1477
1444
63
508
841
602
981
1204
562
319
1091
1345
1117
579
920
228
1214
416
943
1471
580
925
992
1196
64
75
71
1433
732
554
514
1062
498
578
422
1340
1180
1403
1044
594
574
987
440
192
66
212
420
132
628
215
103
60
1492
1447
109
57
22
532
1490
1107
1086
504
1021
437
1082
1443
629
1115
198
173
561
773
12
1353
1317
430
65
237
562
1046
804
666
1458
797
965
419
854
988
951
1196
947
890
200
820
1327
135
1115
456
102
1313
981
663
938
993
517
755
1423
934
1344
485
832
1001
3
791
650
1321
1210
356
1161
1014
52
608
404
252
1428
231
739
1043
1039
841
1208
520
5
647
365
874
254
640
308
99
1125
1493
1452
1481
784
602
1302
846
958
1315
360
1010
423
1116
114
703
199
854
598
1238
547
658
610
904
1305
1327
278
412
467
939
863
445
932
815
778
568
1417
932
266
875
747
979
737
1170
595
851
725
1147
557
175
1237
1105
833
348
861
991
527
1140
1403
995
931
766
1440
363
433
718
1283
350
150
49
77
1249
1380
1166
919
476
869
496
123
1427
671
1360
1384
4
560
745
995
1088
737
898
935
168
516
1227
883
949
797
1018
151
947
1420
580
1048
1300
246
467
276
1116
1315
751
1395
486
964
131
490
376
1228
338
316
466
88
1251
986
605
1330
722
406
627
240
910
426
160
1490
1474
1461
589
441
589
557
608
193
452
1094
1157
583
437
385
311
1127
702
1129
1215
805
968
672
636
190
1431
1263
782
841
190
1295
1183
164
108
272
958
697
829
66
1242
133
13
1251
1068
802
137
232
429
1191
1361
496
848
1181
1169
1484
1371
1100
100
1006
793
642
801
476
1158
909
749
616
458
430
1035
201
916
1400
1452
484
1054
441
716
1483
132
930
479
981
611
500
1317
835
452
1417
341
1245
911
1494
222
570
1255
1323
38
213
605
1425
766
21
1325
1071
506
879
12
1222
1214
497
1004
546
330
116
1046
499
951
1499
769
144
1244
180
138
318
750
245
493
789
458
1099
1066
77
1120
892
1148
478
623
12
553
690
861
57
1236
1191
525
1134
191
328
1485
960
472
82
1492
962
400
743
1207
1246
384
518
845
1450
947
817
1194
947
1296
670
959
349
1360
673
758
1448
364
1284
1434
907
112
1420
719
937
2
712
399
754
307
459
500
691
1329
1345
993
776
1015
688
223
811
1358
34
12
70
707
770
18
1424
554
304
1183
667
224
403
456
578
1467
1207
1333
274
166
685
965
347
883
458
1475
398
1498
550
1209
1356
585
1221
278
144
491
648
420
1398
953
104
917
1177
507
1373
256
474
1080
441
1100
99
1126
917
798
509
227
774
907
226
1324
968
434
761
689
713
1258
33
1361
178
283
1166
282
1200
844
1141
1425
1452
467
1005
393
67
1456
371
984
755
881
64
381
640
290
557
109
1076
1319
1150
289
1429
35
503
459
318
521
742
370
1365
735
295
169
1203
1301
914
122
109
1286
1459
864
1019
23
1245
511
313
303
620
241
474
623
531
755
1010
1386
1214
1329
407
456
199
625
44
847
1146
1247
1000
913
1369
1109
699
180
474
570
203
571
1081
868
874
554
1110
200
29
493
955
1039
731
670
1220
1138
1478
1420
615
22
1119
614
121
619
27
343
228
1078
523
702
148
727
126
81
95
1000
987
57
53
1016
550
1008
908
1281
530
628
1272
509
900
739
531
519
1353
1005
1138
1380
1348
1367
1310
371
921
310
1450
1047
392
398
900
231
455
953
100
1006
813
1008
1139
1344
488
911
705
1389
151
88
760
356
1093
399
237
941
618
47
165
39
710
467
1439
1102
865
1191
185
173
644
285
31
309
145
1170
153
634
582
858
875
1085
947
135
1441
892
886
530
334
4
930
851
396
140
1318
335
94
1036
26
279
1209
1022
917
1240
1331
1062
910
337
548
344
47
275
1429
1346
763
1371
739
149
401
1425
154
1331
776
550
323
946
1237
417
482
1263
697
191
1137
114
283
1320
28
1194
509
929
38
557
56
320
755
819
191
1494
969
944
271
1123
1128
1399
525
1451
846
262
721
180
377
1418
724
14
384
1007
1334
764
701
344
193
1092
1253
602
1412
508
1421
455
855
890
251
1478
865
231
1378
1390
535
1076
152
1256
108
529
1174
832
895
410
340
730
1174
1041
1426
220
985
31
822
1249
539
743
204
246
134
808
225
999
1039
455
1242
74
383
1394
1330
491
776
1356
1324
171
266
164
1253
1441
57
31
161
1043
62
1335
792
954
578
1349
52
1064
1009
629
916
548
1084
658
975
319
904
805
811
180
662
635
704
1280
1151
809
1221
1208
841
234
1103
1255
69
748
1061
1000
949
1114
564
458
243
1480
1358
180
990
833
499
395
491
1310
927
1153
797
483
933
448
1293
1007
509
986
1241
112
741
163
860
303
1163
661
1417
227
1119
512
560
1330
692
50
663
1192
797
1154
1002
225
1159
652
1060
945
1100
853
452
109
339
545
222
1433
1060
1434
588
723
948
505
1303
919
1369
715
749
562
1117
1413
606
767
1419
108
1344
1079
760
904
524
713
258
1328
822
949
725
1396
882
286
183
1470
1361
1131
827
16
902
697
1083
152
111
701
417
717
1468
336
1177
1312
1415
790
716
791
3
1326
971
1177
776
549
1426
510
1187
109
833
1048
92
160
1417
994
1209
1000
1498
1320
553
415
537
521
752
567
685
1019
1357
254
311
1360
432
134
1389
60
683
1315
571
370
276
1404
271
368
416
188
215
126
40
213
298
594
629
1188
1467
233
255
1005
1252
112
1259
415
324
543
902
565
604
85
381
1175
808
657
1431
1079
1378
347
119
445
825
159
1010
1124
1105
491
812
1073
724
1067
578
477
31
689
1244
707
1232
646
1272
688
1084
153
715
392
1163
646
323
1393
1346
442
338
671
953
1348
295
911
692
1107
484
1416
1026
1414
745
1057
955
490
264
1039
1488
37
228
1072
542
943
1464
557
442
287
450
288
1081
1140
959
887
989
1255
298
181
1214
1134
449
741
1048
1195
298
503
537
915
42
525
1304
622
98
346
66
414
904
508
1054
1354
1148
987
995
607
374
836
714
1024
1369
429
658
670
1170
558
717
320
1413
1254
87
1456
632
1391
930
730
238
996
1496
1494
356
1050
200
356
538
47
964
1264
1235
178
789
1456
959
299
627
981
858
1344
1302
771
1099
241
1079
583
133
510
1313
371
358
161
717
1067
1212
917
1423
602
1317
1239
366
1052
270
7
1009
1229
307
488
711
17
332
865
1140
283
1106
1072
866
91
434
1031
814
1144
1193
31
711
1257
1301
987
359
1118
1078
1077
1022
1348
1085
531
1430
244
1019
641
613
204
358
605
487
316
177
206
408
611
1237
1222
256
1282
106
1319
1039
1407
1158
250
1377
737
1328
899
585
1265
283
515
361
154
8
974
358
718
79
1198
1387
609
1404
647
72
1493
369
328
128
827
500
1167
1086
510
1418
963
1247
98
715
685
215
998
52
576
1152
413
402
363
1131
833
413
1370
294
317
517
367
662
1239
695
790
566
47
810
153
558
1080
1468
657
30
683
1342
245
181
1395
1173
186
660
75
549
643
1260
962
514
55
131
1031
422
1145
770
1469
788
189
17
98
694
927
1178
662
84
60
1346
279
305
379
526
1478
917
1186
405
318
329
165
1280
843
220
263
727
994
261
349
964
1049
538
1333
1499
84
1112
29
747
1196
89
945
327
394
176
853
372
1094
891
777
1412
1221
1294
45
916
15
660
495
1361
921
845
825
822
235
1010
821
320
622
850
1067
319
939
864
998
185
1040
352
909
986
1243
186
899
1316
333
1296
1085
700
456
80
561
1378
925
1387
1052
1161
897
374
333
20
76
1400
691
1016
1116
189
1201
1008
893
963
495
989
1149
1394
805
1482
1190
742
682
498
823
96
728
600
1483
281
613
1232
1007
946
104
1083
1198
795
599
1166
1337
653
675
730
116
1170
571
117
1416
1377
452
1458
971
1486
456
646
82
1185
99
417
318
1064
502
1325
511
606
908
561
254
360
228
91
1365
903
1173
333
573
245
802
841
474
106
799
297
93
1255
944
527
1292
1043
1297
110
607
299
1435
1470
1257
1196
884
11
56
1112
454
273
867
128
606
292
725
1408
1133
51
367
432
348
460
187
1292
1339
332
1187
1488
442
647
287
730
617
397
778
1
408
1186
1465
863
1459
832
1343
565
1124
920
825
757
971
1192
41
171
504
581
1464
696
913
3
684
207
650
1324
937
1268
221
567
121
981
253
87
696
212
1271
539
1129
1248
311
807
505
134
851
899
306
1356
1480
622
904
893
625
440
1100
1276
264
890
1396
837
1457
17
319
563
456
1015
775
228
407
405
1476
1070
1212
833
1205
915
232
11
771
564
985
527
1457
110
968
1410
1386
84
1152
1282
922
1461
152
93
524
608
1108
152
1188
367
557
16
290
621
850
1495
36
1434
358
1160
499
1343
187
808
1453
7
1070
192
92
722
326
1014
1036
830
1107
60
1439
1067
212
1479
287
1121
1496
577
594
1198
924
983
1132
1282
643
483
1125
1182
1292
1430
1190
862
474
134
85
801
1148
1473
131
1107
33
422
1026
598
754
165
219
750
742
1166
448
518
649
432
300
144
916
277
178
708
560
1368
422
1034
354
859
687
2
832
819
1461
1218
93
1340
316
1199
5
887
449
1100
553
1249
118
1202
534
419
198
1450
1048
377
1010
108
597
1432
1143
952
1144
330
1306
476
1
1268
194
447
1108
862
146
1465
250
948
1065
803
697
1184
858
1231
455
1408
33
3
285
1043
112
883
1328
107
335
972
789
141
300
791
261
847
90
221
209
588
187
459
36
1252
115
1086
936
1325
1169
1391
1233
1203
247
371
1098
711
1254
926
818
441
750
107
934
1403
1250
1196
750
192
1417
959
781
104
1419
817
209
386
403
1497
211
73
1389
296
128
488
667
1226
1199
773
1005
517
1214
255
976
1001
510
1079
697
1260
1271
966
720
552
1423
991
222
132
229
625
129
792
1050
370
1088
1178
1210
608
905
909
1381
410
278
1448
1017
107
949
28
1186
498
140
957
316
1212
362
591
1055
584
1075
1284
1209
1205
576
1112
427
517
790
490
1125
547
1399
1358
957
530
158
827
637
1107
1207
323
457
1347
132
774
1412
494
217
967
1430
1293
1104
1492
1350
180
1104
277
1049
746
1119
1026
1294
1019
885
751
401
1043
430
1038
1003
137
213
312
337
697
1438
249
44
156
68
1474
1449
1172
1466
1299
205
1070
428
1254
317
48
781
463
1419
518
1214
320
413
497
210
1416
986
423
229
175
1472
167
424
16
323
845
1491
624
517
1457
423
722
1380
852
829
549
1252
462
1012
1171
980
1078
1491
1393
75
553
162
1414
976
743
89
948
1262
866
1317
438
211
1308
1062
1080
117
338
655
1497
1190
1484
898
942
446
410
965
278
341
956
523
768
361
1037
682
1337
280
772
1137
43
138
1306
833
701
1114
395
281
1232
733
936
81
775
920
980
569
218
242
34
848
583
1342
1372
1352
203
1261
534
392
42
158
382
437
648
188
122
1349
1303
517
131
1387
103
1067
1468
1230
840
1300
300
1410
43
686
759
978
529
983
1182
1084
744
569
1477
1138
727
711
427
1376
899
549
1225
1054
1419
208
1293
22
128
1262
104
968
1414
404
1230
309
1091
489
1288
472
324
970
56
1421
39
385
1059
1119
1096
339
995
848
1240
1072
402
1159
133
548
33
261
310
138
81
576
542
1311
886
485
653
1026
957
977
848
1366
898
888
251
810
507
1348
1
354
696
1241
278
1450
901
763
498
1286
1024
1160
1424
1457
589
819
1269
1475
156
774
1353
1466
251
701
1332
2
89
83
1164
948
1431
1165
154
979
1258
785
1282
1011
48
280
798
1073
293
1074
1382
882
745
1151
1209
902
425
1062
868
1029
263
700
1383
705
783
1047
505
1067
1064
660
898
822
1445
680
334
345
1313
1132
270
106
1058
153
1340
304
1304
1049
1206
582
611
926
463
1226
126
346
431
1261
245
937
1180
1309
449
579
983
746
1259
1317
1091
1072
1301
1362
1178
1212
367
1018
16
171
919
74
1105
382
1000
68
109
1478
766
892
91
1011
329
1272
820
1130
351
656
376
110
825
320
1183
627
534
1213
339
901
1084
707
1424
503
781
1382
886
633
1450
1347
611
1069
739
702
580
1421
474
253
1051
825
909
280
1288
234
600
971
1213
1486
1036
404
887
972
1111
1163
1476
744
1045
1214
1377
1348
1413
840
917
652
395
349
573
1221
602
477
899
363
757
687
598
209
510
663
195
46
1068
1434
1019
1031
1449
1347
628
995
1413
505
1195
1326
198
612
478
945
961
1404
666
416
381
65
779
1490
752
229
199
1262
893
746
161
813
1032
1180
696
981
1379
1324
828
1292
682
523
1470
880
1135
800
325
949
704
1343
217
1437
1409
996
1427
1013
78
126
776
971
1224
1289
636
756
1321
1332
590
1200
1157
1418
1344
691
442
1314
71
429
614
748
230
171
591
447
108
852
296
36
366
374
514
1494
197
239
1283
833
1347
1104
665
789
1156
674
708
1000
1365
2
1166
288
431
280
1388
1014
451
832
1461
912
536
257
948
902
631
1462
896
828
553
1031
513
753
987
31
42
643
705
1102
495
923
1104
161
63
388
794
304
1402
97
1488
1363
1009
524
473
457
1427
1104
772
1175
785
177
1059
1298
930
546
1329
1325
42
887
927
537
662
532
1051
725
920
345
1381
822
794
1369
1037
304
394
10
1113
673
1467
737
348
752
915
259
902
697
806
732
522
848
471
302
237
1133
834
1288
710
606
485
592
280
1280
461
1317
436
855
180
401
28
147
1139
729
1251
906
1340
653
103
646
237
978
346
708
1280
584
341
966
724
1052
72
1210
144
704
1342
957
873
630
665
1053
1031
1045
52
670
274
1303
76
467
809
532
1113
1046
10
312
607
1290
1248
948
1108
472
852
32
534
1348
736
728
806
461
1358
1471
15
890
1368
419
412
495
575
841
962
1384
1373
575
1282
1383
1239
389
25
987
190
1485
1460
1042
17
846
1243
1105
75
549
66
285
872
433
27
1092
853
440
87
1428
1281
1049
164
1154
477
298
1389
216
688
266
1204
878
603
16
772
620
862
515
225
1289
1416
291
427
1140
1077
454
733
430
894
820
710
1027
370
1226
1033
847
24
922
1415
712
40
1119
442
643
1135
1215
115
850
582
340
991
499
984
1418
491
561
725
1224
1343
119
897
905
1499
119
631
1032
1318
655
807
1233
220
847
853
662
343
840
729
458
542
1312
1151
34
663
987
304
1154
400
1029
1231
243
1
980
0
0
1099
631
1032
917
1286
339
1002
6
39
707
1021
734
48
250
44
590
414
47
976
1077
1386
133
1084
286
1162
815
881
15
295
881
15
246
12
1400
15
151
591
1017
509
982
225
30
216
625
633
613
1215
1047
660
1044
977
547
1177
561
1185
1191
228
567
1207
875
300
74
1121
313
1474
1136
816
918
653
177
400
1230
208
969
355
1193
434
423
1092
1446
1467
921
493
1496
1482
531
1187
210
1098
894
1437
250
1321
1058
563
147
694
231
1065
200
409
318
1430
969
139
286
1014
573
1061
606
519
1028
28
1365
1376
362
396
1063
925
346
810
862
596
631
421
12
778
1467
243
696
167
1004
1014
450
473
1153
736
1487
578
649
946
1097
529
1326
962
405
188
1358
1468
1113
204
778
828
1153
261
1249
1165
1392
68
1408
588
236
1265
454
686
238
107
274
578
685
923
376
634
1452
202
97
357
390
307
677
356
512
1456
36
165
569
1285
182
461
205
442
1049
441
207
3
1479
798
462
253
1376
1499
28
252
634
1480
806
731
689
48
1038
1367
404
402
175
440
919
744
577
1101
1206
783
44
755
76
603
1111
56
1401
73
661
129
73
690
733
1059
670
39
290
212
88
180
79
844
583
254
137
354
998
1066
308
1056
701
352
664
778
1307
275
1186
1209
700
347
1338
1125
1037
572
684
560
611
1326
772
1051
7
851
396
942
1457
885
148
1307
451
456
864
1153
1160
28
783
968
655
469
677
1355
816
867
1333
354
1439
517
1266
903
696
538
806
703
1389
1202
497
198
939
645
5
1391
1102
869
1044
762
1249
327
582
404
1148
1259
612
464
627
445
1170
918
1314
936
321
510
326
1128
65
215
1182
914
413
622
60
419
865
14
140
761
1128
1390
1440
211
294
1088
322
1258
404
949
203
427
368
370
1363
1041
1232
542
1021
150
1109
1056
1064
23
530
1476
794
1395
1490
1286
656
1471
1176
596
534
323
536
856
81
940
306
637
1367
1026
1359
83
919
1091
625
793
1241
234
701
1158
609
1231
1134
255
1478
1477
394
986
1448
70
434
482
745
970
1338
1179
762
496
668
982
374
527
1065
146
470
542
1291
564
1128
492
222
590
223
1356
845
553
1333
91
39
133
162
825
615
1259
295
806
938
1409
154
106
891
881
985
808
1027
1456
1350
818
520
1331
162
1094
421
737
950
118
1290
1136
210
181
1269
724
1006
737
483
153
395
274
414
549
732
1306
282
570
614
1309
526
817
979
1398
648
1141
992
1421
730
794
391
520
430
601
1053
552
177
911
1289
1013
1416
184
1287
331
1085
871
137
1368
1441
1103
29
819
772
1361
1069
1420
1354
561
193
585
208
585
1457
638
38
1011
1190
216
422
1331
1229
339
367
1368
1022
1453
1091
1159
173
1033
1114
554
704
387
415
626
659
270
1187
853
1207
247
290
1164
886
328
1027
928
544
1450
1112
625
641
1479
493
515
284
437
526
809
1470
140
1364
1026
879
279
152
39
901
192
1244
608
439
386
625
177
714
152
1458
111
454
1070
736
1095
1401
82
462
538
519
988
1347
841
1129
1211
719
860
343
1224
899
1244
1416
995
705
707
1381
1330
1237
596
1482
1195
1059
437
1117
647
384
1370
1081
847
408
452
687
256
1293
668
319
865
29
662
589
928
759
857
776
1464
64
657
146
153
105
480
1348
1164
917
1317
312
154
1188
245
1353
448
698
540
704
843
1209
1024
208
1238
538
797
1018
1297
506
294
113
571
952
259
1076
1057
740
925
1074
509
1094
238
1015
1134
483
868
83
33
261
1139
877
1470
1015
1085
60
54
735
1078
203
1241
225
317
664
1177
928
241
1086
520
18
1012
1382
1464
102
897
1099
586
618
34
619
879
1173
348
1201
689
1434
1261
743
1021
1191
1298
1114
1416
467
631
1445
248
1224
1384
1120
94
896
1002
58
999
752
9
437
1370
43
1408
749
1217
257
450
406
543
211
1
64
254
151
30
171
619
661
116
867
385
352
487
479
1249
342
890
1100
1094
899
389
964
943
297
565
660
906
1015
1418
1449
78
271
365
332
422
748
855
1041
1409
972
760
647
176
100
1478
1425
442
868
1377
36
268
618
1000
1211
1268
65
723
674
1432
641
976
362
912
193
694
186
941
50
1228
1203
1374
840
350
50
940
328
328
1382
49
557
1418
317
1176
1270
380
1296
187
1103
470
119
596
298
833
360
492
28
546
285
430
626
1488
656
1467
690
1058
907
1019
238
790
1420
796
1060
237
824
831
617
620
1370
572
1442
342
20
241
1175
380
1085
55
1278
222
485
757
211
1493
724
901
1052
483
772
1290
1273
692
938
1186
1281
614
869
750
86
739
174
29
1081
194
622
757
926
207
812
1057
429
150
314
992
143
1390
746
47
373
370
190
499
1415
1128
185
1196
595
1054
447
681
293
973
710
227
1168
184
984
946
743
648
503
25
798
1169
1017
1294
1059
615
1341
1433
986
31
432
901
12
969
597
607
875
1396
1288
1168
1222
851
247
890
1035
1231
688
631
732
1192
656
30
861
525
1324
773
1141
1166
706
627
49
1490
28
61
1311
977
668
686
1226
809
706
948
160
954
690
47
1037
1378
678
269
1422
1334
300
1136
360
476
409
353
494
1115
980
544
1457
1360
605
1268
1189
126
454
915
935
12
715
1447
966
1405
346
504
1284
1025
773
58
1211
1425
1194
423
754
103
776
1248
70
608
644
27
468
1250
147
158
228
953
1425
15
966
641
1462
432
898
660
1288
1034
537
914
1093
249
839
787
1024
445
891
653
194
1313
1261
838
1341
582
940
340
740
20
1294
1017
35
760
158
349
44
1409
1010
185
943
47
1099
536
648
790
176
525
1236
1067
1178
282
880
939
1120
1073
21
913
1414
1113
933
60
631
1321
820
1141
170
1216
1050
32
1401
494
80
1000
1382
1080
643
58
105
379
1477
1283
661
1210
1075
633
783
1448
46
1049
1062
1332
1109
545
1153
781
538
175
498
441
208
751
935
640
604
1169
220
1247
1228
678
478
57
813
1139
1267
388
624
903
689
1023
452
603
855
414
0
860
1195
538
1035
545
979
1243
149
766
383
753
436
956
852
516
134
1330
573
947
969
341
188
445
1244
877
1468
548
332
823
1314
332
535
1362
870
71
407
350
166
908
1468
902
161
404
358
1013
1272
844
1195
346
291
664
687
831
1110
783
560
1430
183
892
754
1498
1224
141
1360
595
212
619
1297
379
28
117
1281
541
522
491
407
294
1335
102
992
478
1119
531
1310
1081
1314
722
1011
350
115
617
348
1339
759
560
786
1323
1179
935
554
59
1053
687
953
427
1178
1360
1073
1365
314
566
344
285
1097
506
1366
1264
1228
1230
114
1343
699
814
35
310
1374
1173
134
1405
609
688
1465
514
228
918
941
1406
1130
866
1272
296
1432
468
582
1030
974
800
1146
1054
882
1260
898
82
574
1285
392
800
958
878
705
419
67
1022
933
647
792
726
553
774
93
677
1071
25
1497
505
1407
1323
1305
1053
878
688
1165
276
1122
591
61
14
1391
1019
893
949
291
1312
471
1224
459
116
451
1364
890
896
894
813
921
891
1318
1181
715
1124
1086
93
664
752
721
286
195
782
652
87
653
45
1388
944
209
711
1021
668
827
324
885
218
1220
279
1031
993
1170
1202
674
385
1178
613
830
342
1365
51
980
60
1185
132
499
691
530
739
487
739
1451
8
260
778
684
1145
1348
404
1424
1232
1398
1446
934
924
684
612
37
14
954
254
418
786
667
455
1270
1166
1146
652
406
486
244
709
494
504
1487
31
501
1336
435
777
1068
333
723
854
110
1407
1466
147
274
1272
402
1044
558
1069
1499
680
1087
1498
1333
345
484
77
1054
1330
581
1394
1361
1434
82
297
711
1150
982
286
856
1092
546
822
92
820
594
494
716
4
415
715
684
354
713
517
700
49
594
606
1380
27
500
1241
1461
582
390
672
584
225
959
1440
1317
357
1114
261
1177
208
1107
745
212
22
1460
1249
729
1026
266
281
1075
861
887
1307
888
240
1401
1202
822
291
726
259
516
537
551
686
894
166
947
923
374
907
168
939
929
129
688
510
7
954
791
1434
667
179
1242
408
419
1143
110
93
286
1188
352
1155
226
904
693
1120
1422
140
544
296
1399
712
87
1181
1193
775
191
1200
582
983
1135
1249
14
877
509
433
872
971
878
1158
660
83
813
886
1339
6
506
1261
499
1402
57
398
615
497
79
660
1272
623
361
354
106
348
456
120
1225
1317
905
949
789
635
607
1449
718
273
1187
557
631
545
318
1482
448
728
733
1415
1225
1164
575
1349
287
1288
556
745
136
1364
1217
213
1181
622
1162
822
110
622
1123
828
895
810
238
378
208
908
361
1008
136
1446
1275
213
1110
350
63
250
491
971
995
627
835
713
841
868
187
855
191
297
1477
1314
1126
1224
977
216
455
1185
1124
1168
1045
1261
1114
820
326
724
22
741
1326
513
212
822
1493
1047
35
1186
416
222
541
959
872
871
773
498
595
602
1066
1050
287
690
1070
1332
451
684
1004
1130
261
1027
371
87
40
584
909
33
483
1296
1219
1251
371
613
710
1243
1484
1484
593
931
938
159
834
1226
849
404
1410
153
1441
1267
1283
202
794
506
641
834
1442
51
1220
426
199
1291
177
570
756
888
665
740
1224
1258
524
662
1417
1358
740
1119
614
1003
1272
555
770
1407
757
416
765
1399
1250
708
302
1322
1134
853
1466
163
1424
722
1051
589
315
1127
700
839
642
969
1049
234
588
163
1237
712
719
859
971
328
1275
237
579
1378
945
1233
52
931
587
18
1094
863
741
998
304
1408
625
1356
747
119
826
296
354
1414
459
443
979
30
155
802
711
282
1039
142
160
836
1376
565
267
815
583
1362
530
176
860
1186
84
337
1043
1183
457
369
1479
1163
635
791
458
466
1173
613
1269
736
896
808
879
1408
145
1107
473
412
774
1409
626
1304
437
1486
990
874
676
885
557
1133
1254
537
1148
742
180
106
1208
1353
720
977
590
468
638
321
376
783
1428
850
47
702
1111
674
858
48
1012
700
922
188
86
1480
173
1340
869
1321
934
1401
1428
643
106
1000
120
1048
1468
758
1369
344
393
149
46
793
1203
1157
319
561
58
183
1262
1332
372
1348
164
897
40
1385
719
975
1286
999
118
245
499
590
1293
819
201
15
1163
946
164
62
239
1368
71
558
781
129
742
543
1462
1466
743
478
1215
1136
364
434
611
502
285
1081
747
1136
523
541
455
724
908
471
523
1424
533
762
144
604
173
926
1086
1267
321
1400
85
1065
378
1300
1053
742
587
164
97
872
97
844
861
972
237
1316
549
1145
287
1072
1070
1172
334
1214
277
859
992
1363
626
1314
1263
711
1231
493
864
784
88
1451
1300
185
1175
249
1029
536
1221
1267
705
270
1264
1344
1342
1186
1017
529
1253
146
1388
745
361
867
559
476
430
642
969
1294
1426
1057
97
78
1242
1273
327
1124
661
49
1243
1366
319
1007
1211
514
694
1080
1395
447
1226
135
44
87
1002
956
563
285
98
384
431
377
1442
529
455
36
302
783
1160
963
1184
1255
1182
355
763
1245
869
309
825
764
1108
903
900
1152
990
754
960
405
1391
1411
1141
323
288
1083
852
1095
1472
6
730
1484
1321
414
1240
1003
770
855
748
491
1164
73
1256
1124
1328
1008
776
1170
614
589
75
506
500
1217
1181
788
1152
533
735
1476
539
1466
1461
712
380
53
216
1150
908
1316
142
572
1390
250
548
70
110
176
1241
1076
765
168
82
1265
237
1263
905
1390
648
141
218
39
107
179
752
839
232
1320
490
1492
1136
984
916
1378
86
1464
1449
548
141
1190
124
906
1358
559
672
96
322
429
338
1323
570
556
214
677
1088
966
17
172
1138
859
165
775
695
1081
653
1133
1046
602
181
39
644
305
945
855
864
469
951
39
899
141
1362
1469
1049
76
999
637
1395
1368
1162
1033
727
179
660
274
1260
1314
1407
1158
768
88
1197
265
393
995
1120
110
1464
923
149
863
1064
363
833
965
791
684
455
1038
552
117
924
1279
296
84
405
408
250
312
67
1019
752
116
1284
1497
1111
904
107
1076
679
608
791
243
971
124
1208
615
808
163
153
212
632
1077
343
928
14
748
189
264
1412
608
135
664
724
1419
662
688
1175
1121
264
354
230
1055
949
53
32
1010
668
1192
25
1174
1405
658
751
248
438
1117
997
627
1382
909
1235
17
426
812
289
1088
0
316
709
616
1023
939
171
824
993
555
334
513
248
712
187
505
222
1291
753
660
908
602
140
1142
12
227
12
790
1039
301
378
1391
969
1439
507
492
1231
1031
169
1076
86
503
89
334
67
277
839
289
420
445
950
1328
1047
1442
1323
1411
169
1335
701
61
136
1431
1452
1457
1371
812
802
1102
343
971
678
429
326
1119
1116
394
248
807
683
668
1252
485
849
1152
427
672
1415
949
507
617
1362
995
900
166
952
771
978
254
725
1321
77
255
603
404
1375
219
798
475
1026
1481
1144
1131
467
493
1135
1246
17
1050
695
524
167
557
19
1068
724
1323
691
554
430
269
376
507
524
979
911
751
50
561
1227
1428
895
1223
1411
214
568
1046
1460
585
597
1008
1109
1116
65
1480
1036
1141
155
228
196
585
497
924
1445
1373
755
1208
977
1157
270
704
1085
1165
779
1349
1379
1347
895
191
432
1492
1199
393
1109
117
725
997
110
1232
1225
306
318
574
82
615
800
1189
323
277
846
945
981
784
962
612
633
1193
459
28
1385
1243
373
1084
136
334
53
1213
1331
164
945
1409
822
115
483
1257
730
135
946
1406
412
645
1203
245
1429
666
857
562
359
1316
942
596
1411
167
533
47
501
586
112
333
1102
1058
594
425
25
1429
182
1108
65
1128
1014
477
273
717
723
554
235
432
1468
595
601
911
43
512
1078
576
912
432
15
1024
1117
1117
934
211
42
960
140
224
568
205
205
434
1035
830
1151
610
1385
239
1042
1353
834
143
1116
1229
656
1047
306
420
1479
673
1444
1096
290
879
1307
333
691
299
909
1259
857
1466
545
392
1149
196
1354
1034
435
896
1239
121
1392
1208
203
900
755
509
1320
1086
1182
116
682
324
1347
841
657
538
1492
419
649
849
737
1194
93
386
243
1447
272
1030
1196
364
4
1440
72
207
1192
1179
716
1012
765
750
1480
299
1074
1328
1492
584
366
1484
1355
1368
1186
592
1414
131
1331
157
79
103
1188
127
467
44
67
891
251
111
570
1319
1123
1335
921
1103
486
495
1283
478
1431
502
815
138
370
501
1083
284
632
914
794
1063
1369
834
42
337
878
461
80
1129
572
651
1300
547
838
721
503
1325
68
286
655
0
788
1470
490
10
823
73
647
308
1339
1441
223
1209
1127
266
398
505
1079
478
486
152
1481
286
699
820
1007
1202
997
1427
341
152
279
1129
475
770
1140
150
1195
287
458
1035
580
1034
1096
207
152
346
1064
1231
824
402
235
1158
688
1287
478
547
989
1475
474
1330
479
1106
1312
954
376
1304
1457
71
443
767
1458
1023
301
1406
82
805
252
1498
537
1429
400
1124
1087
1088
911
65
487
401
392
1313
583
1223
919
747
1030
147
551
987
571
994
254
529
869
908
436
1303
213
1040
1301
1102
969
201
727
556
141
138
973
980
891
217
794
327
1441
565
1074
971
713
478
458
1284
324
1064
665
46
472
1453
1349
686
994
3
640
815
204
1367
1372
346
358
1197
1326
1249
1415
972
428
1356
38
355
827
1103
833
137
887
1157
1201
404
55
174
358
1405
1212
204
1408
352
1019
464
572
1243
1162
930
941
1341
1031
856
813
312
1064
1203
667
391
806
0
